"Steps taken by first ant","Time","Steps taken bt present ant"
0,1.0,0
0,2.0,0
0,3.0,0
0,4.0,0
0,5.0,0
0,6.0,0
0,7.0,0
0,8.0,0
0,9.0,0
0,10.0,0
0,11.0,0
0,12.0,0
0,13.0,0
0,14.0,0
0,15.0,0
0,16.0,0
0,17.0,0
0,18.0,0
0,19.0,0
0,20.0,0
0,21.0,0
0,22.0,0
0,23.0,0
0,24.0,0
0,25.0,0
0,26.0,0
0,27.0,0
0,28.0,0
0,29.0,0
0,30.0,0
0,31.0,0
0,32.0,0
0,33.0,0
0,34.0,0
0,35.0,0
0,36.0,0
0,37.0,0
0,38.0,0
0,39.0,0
0,40.0,0
0,41.0,0
0,42.0,0
0,43.0,0
0,44.0,0
0,45.0,0
0,46.0,0
0,47.0,0
0,48.0,0
0,49.0,0
0,50.0,0
0,51.0,0
0,52.0,0
0,53.0,0
0,54.0,0
0,55.0,0
0,56.0,0
0,57.0,0
0,58.0,0
0,59.0,0
0,60.0,0
0,61.0,0
0,62.0,0
0,63.0,0
0,64.0,0
0,65.0,0
0,66.0,0
0,67.0,0
0,68.0,0
0,69.0,0
0,70.0,0
0,71.0,0
0,72.0,0
0,73.0,0
0,74.0,0
0,75.0,0
0,76.0,0
0,77.0,0
0,78.0,0
0,79.0,0
0,80.0,0
0,81.0,0
0,82.0,0
0,83.0,0
0,84.0,0
0,85.0,0
0,86.0,0
0,87.0,0
0,88.0,0
0,89.0,0
0,90.0,0
0,91.0,0
0,92.0,0
0,93.0,0
0,94.0,0
0,95.0,0
0,96.0,0
0,97.0,0
0,98.0,0
0,99.0,0
0,100.0,0
0,101.0,0
0,102.0,0
0,103.0,0
0,104.0,0
0,105.0,0
0,106.0,0
0,107.0,0
0,108.0,0
0,109.0,0
0,110.0,0
0,111.0,0
0,112.0,0
0,113.0,0
0,114.0,0
0,115.0,0
0,116.0,114
116,117.0,113
116,118.0,112
116,119.0,110
116,120.0,109
116,121.0,108
116,122.0,106
116,123.0,105
116,124.0,105
116,125.0,95
116,126.0,102
116,127.0,89
116,128.0,101
116,129.0,88
116,130.0,86
116,131.0,85
116,132.0,83
116,133.0,83
116,134.0,77
116,135.0,77
116,136.0,73
116,137.0,69
116,138.0,65
116,139.0,63
116,140.0,61
116,141.0,59
116,142.0,57
116,143.0,56
116,144.0,54
116,145.0,54
116,146.0,53
116,147.0,52
116,148.0,50
116,149.0,50
116,150.0,49
116,151.0,44
116,152.0,43
116,153.0,42
116,154.0,41
116,155.0,40
116,156.0,40
116,157.0,37
116,158.0,33
116,159.0,33
116,160.0,32
116,161.0,32
116,162.0,32
116,163.0,32
116,164.0,32
116,165.0,32
116,166.0,32
116,167.0,32
116,168.0,32
116,169.0,32
116,170.0,32
116,171.0,32
116,172.0,32
116,173.0,32
116,174.0,32
116,175.0,32
116,176.0,32
116,177.0,32
116,178.0,32
116,179.0,32
116,180.0,32
116,181.0,32
116,182.0,32
116,183.0,32
116,184.0,32
116,185.0,32
116,186.0,32
116,187.0,32
116,188.0,32
116,189.0,32
116,190.0,32
116,191.0,32
116,192.0,32
116,193.0,32
116,194.0,32
116,195.0,32
116,196.0,32
116,197.0,32
116,198.0,32
116,199.0,32
116,200.0,32
116,201.0,32
116,202.0,32
116,203.0,32
116,204.0,32
116,205.0,32
116,206.0,32
116,207.0,32
116,208.0,32
116,209.0,32
116,210.0,32
116,211.0,32
116,212.0,32
116,213.0,32
116,214.0,32
116,215.0,32
116,216.0,32
116,217.0,32
116,218.0,32
116,219.0,32
116,220.0,32
116,221.0,32
116,222.0,32
116,223.0,32
116,224.0,32
116,225.0,32
116,226.0,32
116,227.0,32
116,228.0,32
116,229.0,32
116,230.0,32
116,231.0,32
116,232.0,32
116,233.0,32
116,234.0,32
116,235.0,32
116,236.0,32
116,237.0,32
116,238.0,32
116,239.0,32
116,240.0,32
116,241.0,32
116,242.0,32
116,243.0,32
116,244.0,32
116,245.0,32
116,246.0,32
116,247.0,32
116,248.0,32
116,249.0,32
116,250.0,32
116,251.0,32
116,252.0,32
116,253.0,32
116,254.0,32
116,255.0,32
116,256.0,32
116,257.0,32
116,258.0,32
116,259.0,32
116,260.0,32
116,261.0,32
116,262.0,32
116,263.0,32
116,264.0,32
116,265.0,32
116,266.0,32
116,267.0,32
116,268.0,32
116,269.0,32
116,270.0,32
116,271.0,32
116,272.0,32
116,273.0,32
116,274.0,32
116,275.0,32
116,276.0,32
116,277.0,32
116,278.0,32
116,279.0,32
116,280.0,32
116,281.0,32
116,282.0,32
116,283.0,32
116,284.0,32
116,285.0,32
116,286.0,32
116,287.0,32
116,288.0,32
116,289.0,32
116,290.0,32
116,291.0,32
116,292.0,32
116,293.0,32
116,294.0,32
116,295.0,32
116,296.0,32
116,297.0,32
116,298.0,32
116,299.0,32
116,300.0,32
116,301.0,32
116,302.0,32
116,303.0,32
116,304.0,32
116,305.0,32
116,306.0,32
116,307.0,32
116,308.0,32
116,309.0,32
116,310.0,32
116,311.0,32
116,312.0,32
116,313.0,32
116,314.0,32
116,315.0,32
116,316.0,32
116,317.0,32
116,318.0,32
116,319.0,32
116,320.0,32
116,321.0,32
116,322.0,32
116,323.0,32
116,324.0,32
116,325.0,32
116,326.0,32
116,327.0,32
116,328.0,32
116,329.0,32
116,330.0,32
116,331.0,32
116,332.0,32
116,333.0,32
116,334.0,32
116,335.0,32
116,336.0,32
116,337.0,32
116,338.0,32
116,339.0,32
116,340.0,32
116,341.0,32
116,342.0,32
116,343.0,32
116,344.0,32
116,345.0,32
116,346.0,32
116,347.0,32
116,348.0,32
116,349.0,32
116,350.0,32
116,351.0,32
116,352.0,32
116,353.0,32
116,354.0,32
116,355.0,32
116,356.0,32
116,357.0,32
116,358.0,32
116,359.0,32
116,360.0,32
116,361.0,32
116,362.0,32
116,363.0,32
116,364.0,32
116,365.0,32
116,366.0,32
116,367.0,32
116,368.0,32
116,369.0,32
116,370.0,32
116,371.0,32
116,372.0,32
116,373.0,32
116,374.0,32
116,375.0,32
116,376.0,32
116,377.0,32
116,378.0,32
116,379.0,32
116,380.0,32
116,381.0,32
116,382.0,32
116,383.0,32
116,384.0,32
116,385.0,32
116,386.0,32
116,387.0,32
116,388.0,32
116,389.0,32
116,390.0,32
116,391.0,32
116,392.0,32
116,393.0,32
116,394.0,32
116,395.0,32
116,396.0,32
116,397.0,32
116,398.0,32
116,399.0,32
116,400.0,32
116,401.0,32
116,402.0,32
116,403.0,32
116,404.0,32
116,405.0,32
116,406.0,32
116,407.0,32
116,408.0,32
116,409.0,32
116,410.0,32
116,411.0,32
116,412.0,32
116,413.0,32
116,414.0,32
116,415.0,32
116,416.0,32
116,417.0,32
116,418.0,32
116,419.0,32
116,420.0,32
116,421.0,32
116,422.0,32
116,423.0,32
116,424.0,32
116,425.0,32
116,426.0,32
116,427.0,32
116,428.0,32
116,429.0,32
116,430.0,32
116,431.0,32
116,432.0,32
116,433.0,32
116,434.0,32
116,435.0,32
116,436.0,32
116,437.0,32
116,438.0,32
116,439.0,32
116,440.0,32
116,441.0,32
116,442.0,32
116,443.0,32
116,444.0,32
116,445.0,32
116,446.0,32
116,447.0,32
116,448.0,32
116,449.0,32
116,450.0,32
116,451.0,32
116,452.0,32
116,453.0,32
116,454.0,32
116,455.0,32
116,456.0,32
116,457.0,32
116,458.0,32
116,459.0,32
116,460.0,32
116,461.0,32
116,462.0,32
116,463.0,32
116,464.0,32
116,465.0,32
116,466.0,32
116,467.0,32
116,468.0,32
116,469.0,32
116,470.0,32
116,471.0,32
116,472.0,32
116,473.0,32
116,474.0,32
116,475.0,32
116,476.0,32
116,477.0,32
116,478.0,32
116,479.0,32
116,480.0,32
116,481.0,32
116,482.0,32
116,483.0,32
116,484.0,32
116,485.0,32
116,486.0,32
116,487.0,32
116,488.0,32
116,489.0,32
116,490.0,32
116,491.0,32
116,492.0,32
116,493.0,32
116,494.0,32
116,495.0,32
116,496.0,32
116,497.0,32
116,498.0,32
116,499.0,32
116,500.0,32
116,501.0,32
116,502.0,32
116,503.0,32
116,504.0,32
116,505.0,32
116,506.0,32
116,507.0,32
116,508.0,32
116,509.0,32
116,510.0,32
116,511.0,32
116,512.0,32
116,513.0,32
116,514.0,32
116,515.0,32
116,516.0,32
116,517.0,32
116,518.0,32
116,519.0,32
116,520.0,32
116,521.0,32
116,522.0,32
116,523.0,32
116,524.0,32
116,525.0,32
116,526.0,32
116,527.0,32
116,528.0,32
116,529.0,32
116,530.0,32
116,531.0,32
116,532.0,32
116,533.0,32
116,534.0,32
116,535.0,32
116,536.0,32
116,537.0,32
116,538.0,32
116,539.0,32
116,540.0,32
116,541.0,32
116,542.0,32
116,543.0,32
116,544.0,32
116,545.0,32
116,546.0,32
116,547.0,32
116,548.0,32
116,549.0,32
116,550.0,32
116,551.0,32
116,552.0,32
116,553.0,32
116,554.0,32
116,555.0,32
116,556.0,32
116,557.0,32
116,558.0,32
116,559.0,32
116,560.0,32
116,561.0,32
116,562.0,32
116,563.0,32
116,564.0,32
116,565.0,32
116,566.0,32
116,567.0,32
116,568.0,32
116,569.0,32
116,570.0,32
116,571.0,32
116,572.0,32
116,573.0,32
116,574.0,32
116,575.0,32
116,576.0,32
116,577.0,32
116,578.0,32
116,579.0,32
116,580.0,32
116,581.0,32
116,582.0,32
116,583.0,32
116,584.0,32
116,585.0,32
116,586.0,32
116,587.0,32
116,588.0,32
116,589.0,32
116,590.0,32
116,591.0,32
116,592.0,32
116,593.0,32
116,594.0,32
116,595.0,32
116,596.0,32
116,597.0,32
116,598.0,32
116,599.0,32
116,600.0,32
116,601.0,32
116,602.0,32
116,603.0,32
116,604.0,32
116,605.0,32
116,606.0,32
116,607.0,32
116,608.0,32
116,609.0,32
116,610.0,32
116,611.0,32
116,612.0,32
116,613.0,32
116,614.0,32
116,615.0,32
116,616.0,32
116,617.0,32
116,618.0,32
116,619.0,32
116,620.0,32
116,621.0,32
116,622.0,32
116,623.0,32
116,624.0,32
116,625.0,32
116,626.0,32
116,627.0,32
116,628.0,32
116,629.0,32
116,630.0,32
116,631.0,32
116,632.0,32
116,633.0,32
116,634.0,32
116,635.0,32
116,636.0,32
116,637.0,32
116,638.0,32
116,639.0,32
116,640.0,32
116,641.0,32
116,642.0,32
116,643.0,32
116,644.0,32
116,645.0,32
116,646.0,32
116,647.0,32
116,648.0,32
116,649.0,32
116,650.0,32
116,651.0,32
116,652.0,32
116,653.0,32
116,654.0,32
116,655.0,32
116,656.0,32
116,657.0,32
116,658.0,32
116,659.0,32
116,660.0,32
116,661.0,32
116,662.0,32
116,663.0,32
116,664.0,32
116,665.0,32
116,666.0,32
116,667.0,32
116,668.0,32
116,669.0,32
116,670.0,32
116,671.0,32
116,672.0,32
116,673.0,32
116,674.0,32
116,675.0,32
116,676.0,32
116,677.0,32
116,678.0,32
116,679.0,32
116,680.0,32
116,681.0,32
116,682.0,32
116,683.0,32
116,684.0,32
116,685.0,32
116,686.0,32
116,687.0,32
116,688.0,32
116,689.0,32
116,690.0,32
116,691.0,32
116,692.0,32
116,693.0,32
116,694.0,32
116,695.0,32
116,696.0,32
116,697.0,32
116,698.0,32
116,699.0,32
116,700.0,32
116,701.0,32
116,702.0,32
116,703.0,32
116,704.0,32
116,705.0,32
116,706.0,32
116,707.0,32
116,708.0,32
116,709.0,32
116,710.0,32
116,711.0,32
116,712.0,32
116,713.0,32
116,714.0,32
116,715.0,32
116,716.0,32
116,717.0,32
116,718.0,32
116,719.0,32
116,720.0,32
116,721.0,32
116,722.0,32
116,723.0,32
116,724.0,32
116,725.0,32
116,726.0,32
116,727.0,32
116,728.0,32
116,729.0,32
116,730.0,32
116,731.0,32
116,732.0,32
116,733.0,32
116,734.0,32
116,735.0,32
116,736.0,32
116,737.0,32
116,738.0,32
116,739.0,32
116,740.0,32
116,741.0,32
116,742.0,32
116,743.0,32
116,744.0,32
116,745.0,32
116,746.0,32
116,747.0,32
116,748.0,32
116,749.0,32
116,750.0,32
116,751.0,32
116,752.0,32
116,753.0,32
116,754.0,32
116,755.0,32
116,756.0,32
116,757.0,32
116,758.0,32
116,759.0,32
116,760.0,32
116,761.0,32
116,762.0,32
116,763.0,32
116,764.0,32
116,765.0,32
116,766.0,32
116,767.0,32
116,768.0,32
116,769.0,32
116,770.0,32
116,771.0,32
116,772.0,32
116,773.0,32
116,774.0,32
116,775.0,32
116,776.0,32
116,777.0,32
116,778.0,32
116,779.0,32
116,780.0,32
116,781.0,32
116,782.0,32
116,783.0,32
116,784.0,32
116,785.0,32
116,786.0,32
116,787.0,32
116,788.0,32
116,789.0,32
116,790.0,32
116,791.0,32
116,792.0,32
116,793.0,32
116,794.0,32
116,795.0,32
116,796.0,32
116,797.0,32
116,798.0,32
116,799.0,32
116,800.0,32
116,801.0,32
116,802.0,32
116,803.0,32
116,804.0,32
116,805.0,32
116,806.0,32
116,807.0,32
116,808.0,32
116,809.0,32
116,810.0,32
116,811.0,32
116,812.0,32
116,813.0,32
116,814.0,32
116,815.0,32
116,816.0,32
116,817.0,32
116,818.0,32
116,819.0,32
116,820.0,32
116,821.0,32
116,822.0,32
116,823.0,32
116,824.0,32
116,825.0,32
116,826.0,32
116,827.0,32
116,828.0,32
116,829.0,32
116,830.0,32
116,831.0,32
116,832.0,32
116,833.0,32
116,834.0,32
116,835.0,32
116,836.0,32
116,837.0,32
116,838.0,32
116,839.0,32
116,840.0,32
116,841.0,32
116,842.0,32
116,843.0,32
116,844.0,32
116,845.0,32
116,846.0,32
116,847.0,32
116,848.0,32
116,849.0,32
116,850.0,32
116,851.0,32
116,852.0,32
116,853.0,32
116,854.0,32
116,855.0,32
116,856.0,32
116,857.0,32
116,858.0,32
116,859.0,32
116,860.0,32
116,861.0,32
116,862.0,32
116,863.0,32
116,864.0,32
116,865.0,32
116,866.0,32
116,867.0,32
116,868.0,32
116,869.0,32
116,870.0,32
116,871.0,32
116,872.0,32
116,873.0,32
116,874.0,32
116,875.0,32
116,876.0,32
116,877.0,32
116,878.0,32
116,879.0,32
116,880.0,32
116,881.0,32
116,882.0,32
116,883.0,32
116,884.0,32
116,885.0,32
116,886.0,32
116,887.0,32
116,888.0,32
116,889.0,32
116,890.0,32
116,891.0,32
116,892.0,32
116,893.0,32
116,894.0,32
116,895.0,32
116,896.0,32
116,897.0,32
116,898.0,32
116,899.0,32
116,900.0,32
116,901.0,32
116,902.0,32
116,903.0,32
116,904.0,32
116,905.0,32
116,906.0,32
116,907.0,32
116,908.0,32
116,909.0,32
116,910.0,32
116,911.0,32
116,912.0,32
116,913.0,32
116,914.0,32
116,915.0,32
116,916.0,32
116,917.0,32
116,918.0,32
116,919.0,32
116,920.0,32
116,921.0,32
116,922.0,32
116,923.0,32
116,924.0,32
116,925.0,32
116,926.0,32
116,927.0,32
116,928.0,32
116,929.0,32
116,930.0,32
116,931.0,32
116,932.0,32
116,933.0,32
116,934.0,32
116,935.0,32
116,936.0,32
116,937.0,32
116,938.0,32
116,939.0,32
116,940.0,32
116,941.0,32
116,942.0,32
116,943.0,32
116,944.0,32
116,945.0,32
116,946.0,32
116,947.0,32
116,948.0,32
116,949.0,32
116,950.0,32
116,951.0,32
116,952.0,32
116,953.0,32
116,954.0,32
116,955.0,32
116,956.0,32
116,957.0,32
116,958.0,32
116,959.0,32
116,960.0,32
116,961.0,32
116,962.0,32
116,963.0,32
116,964.0,32
116,965.0,32
116,966.0,32
116,967.0,32
116,968.0,32
116,969.0,32
116,970.0,32
116,971.0,32
116,972.0,32
116,973.0,32
116,974.0,32
116,975.0,32
116,976.0,32
116,977.0,32
116,978.0,32
116,979.0,32
116,980.0,32
116,981.0,32
116,982.0,32
116,983.0,32
116,984.0,32
116,985.0,32
116,986.0,32
116,987.0,32
116,988.0,32
116,989.0,32
116,990.0,32
116,991.0,32
116,992.0,32
116,993.0,32
116,994.0,32
116,995.0,32
116,996.0,32
116,997.0,32
116,998.0,32
116,999.0,32
116,1000.0,32
116,1001.0,32
116,1002.0,32
116,1003.0,32
116,1004.0,32
116,1005.0,32
116,1006.0,32
116,1007.0,32
116,1008.0,32
116,1009.0,32
116,1010.0,32
116,1011.0,32
116,1012.0,32
116,1013.0,32
116,1014.0,32
116,1015.0,32
116,1016.0,32
116,1017.0,32
116,1018.0,32
116,1019.0,32
116,1020.0,32
116,1021.0,32
116,1022.0,32
116,1023.0,32
116,1024.0,32
116,1025.0,32
116,1026.0,32
116,1027.0,32
116,1028.0,32
116,1029.0,32
116,1030.0,32
116,1031.0,32
116,1032.0,32
116,1033.0,32
116,1034.0,32
116,1035.0,32
116,1036.0,32
116,1037.0,32
116,1038.0,32
116,1039.0,32
116,1040.0,32
116,1041.0,32
116,1042.0,32
116,1043.0,32
116,1044.0,32
116,1045.0,32
116,1046.0,32
116,1047.0,32
116,1048.0,32
116,1049.0,32
116,1050.0,32
116,1051.0,32
116,1052.0,32
116,1053.0,32
116,1054.0,32
116,1055.0,32
116,1056.0,32
116,1057.0,32
116,1058.0,32
116,1059.0,32
116,1060.0,32
116,1061.0,32
116,1062.0,32
116,1063.0,32
116,1064.0,32
116,1065.0,32
116,1066.0,32
116,1067.0,32
116,1068.0,32
116,1069.0,32
116,1070.0,32
116,1071.0,32
116,1072.0,32
116,1073.0,32
116,1074.0,32
116,1075.0,32
116,1076.0,32
116,1077.0,32
116,1078.0,32
116,1079.0,32
116,1080.0,32
116,1081.0,32
116,1082.0,32
116,1083.0,32
116,1084.0,32
116,1085.0,32
116,1086.0,32
116,1087.0,32
116,1088.0,32
116,1089.0,32
116,1090.0,32
116,1091.0,32
116,1092.0,32
116,1093.0,32
116,1094.0,32
116,1095.0,32
116,1096.0,32
116,1097.0,32
116,1098.0,32
116,1099.0,32
116,1100.0,32
116,1101.0,32
116,1102.0,32
116,1103.0,32
116,1104.0,32
116,1105.0,32
116,1106.0,32
116,1107.0,32
116,1108.0,32
116,1109.0,32
116,1110.0,32
116,1111.0,32
116,1112.0,32
116,1113.0,32
116,1114.0,32
116,1115.0,32
116,1116.0,32
116,1117.0,32
116,1118.0,32
116,1119.0,32
116,1120.0,32
116,1121.0,32
116,1122.0,32
116,1123.0,32
116,1124.0,32
116,1125.0,32
116,1126.0,32
116,1127.0,32
116,1128.0,32
116,1129.0,32
116,1130.0,32
116,1131.0,32
116,1132.0,32
116,1133.0,32
116,1134.0,32
116,1135.0,32
116,1136.0,32
116,1137.0,32
116,1138.0,32
116,1139.0,32
116,1140.0,32
116,1141.0,32
116,1142.0,32
116,1143.0,32
116,1144.0,32
116,1145.0,32
116,1146.0,32
116,1147.0,32
116,1148.0,32
116,1149.0,32
116,1150.0,32
116,1151.0,32
116,1152.0,32
116,1153.0,32
116,1154.0,32
116,1155.0,32
116,1156.0,32
116,1157.0,32
116,1158.0,32
116,1159.0,32
116,1160.0,32
116,1161.0,32
116,1162.0,32
116,1163.0,32
116,1164.0,32
116,1165.0,32
116,1166.0,32
116,1167.0,32
116,1168.0,32
116,1169.0,32
116,1170.0,32
116,1171.0,32
116,1172.0,32
116,1173.0,32
116,1174.0,32
116,1175.0,32
116,1176.0,32
116,1177.0,32
116,1178.0,32
116,1179.0,32
116,1180.0,32
116,1181.0,32
116,1182.0,32
116,1183.0,32
116,1184.0,32
116,1185.0,32
116,1186.0,32
116,1187.0,32
116,1188.0,32
116,1189.0,32
116,1190.0,32
116,1191.0,32
116,1192.0,32
116,1193.0,32
116,1194.0,32
116,1195.0,32
116,1196.0,32
116,1197.0,32
116,1198.0,32
116,1199.0,32
116,1200.0,32
116,1201.0,32
116,1202.0,32
116,1203.0,32
116,1204.0,32
116,1205.0,32
116,1206.0,32
116,1207.0,32
116,1208.0,32
116,1209.0,32
116,1210.0,32
116,1211.0,32
116,1212.0,32
116,1213.0,32
116,1214.0,32
116,1215.0,32
116,1216.0,32
116,1217.0,32
116,1218.0,32
116,1219.0,32
116,1220.0,32
116,1221.0,32
116,1222.0,32
116,1223.0,32
116,1224.0,32
116,1225.0,32
116,1226.0,32
116,1227.0,32
116,1228.0,32
116,1229.0,32
116,1230.0,32
116,1231.0,32
116,1232.0,32
116,1233.0,32
116,1234.0,32
116,1235.0,32
116,1236.0,32
116,1237.0,32
116,1238.0,32
116,1239.0,32
116,1240.0,32
116,1241.0,32
116,1242.0,32
116,1243.0,32
116,1244.0,32
116,1245.0,32
116,1246.0,32
116,1247.0,32
116,1248.0,32
116,1249.0,32
116,1250.0,32
116,1251.0,32
116,1252.0,32
116,1253.0,32
116,1254.0,32
116,1255.0,32
116,1256.0,32
116,1257.0,32
116,1258.0,32
116,1259.0,32
116,1260.0,32
116,1261.0,32
116,1262.0,32
116,1263.0,32
116,1264.0,32
116,1265.0,32
116,1266.0,32
116,1267.0,32
116,1268.0,32
116,1269.0,32
116,1270.0,32
116,1271.0,32
116,1272.0,32
116,1273.0,32
116,1274.0,32
116,1275.0,32
116,1276.0,32
116,1277.0,32
116,1278.0,32
116,1279.0,32
116,1280.0,32
116,1281.0,32
116,1282.0,32
116,1283.0,32
116,1284.0,32
116,1285.0,32
116,1286.0,32
116,1287.0,32
116,1288.0,32
116,1289.0,32
116,1290.0,32
116,1291.0,32
116,1292.0,32
116,1293.0,32
116,1294.0,32
116,1295.0,32
116,1296.0,32
116,1297.0,32
116,1298.0,32
116,1299.0,32
116,1300.0,32
116,1301.0,32
116,1302.0,32
116,1303.0,32
116,1304.0,32
116,1305.0,32
116,1306.0,32
116,1307.0,32
116,1308.0,32
116,1309.0,32
116,1310.0,32
116,1311.0,32
116,1312.0,32
116,1313.0,32
116,1314.0,32
116,1315.0,32
116,1316.0,32
116,1317.0,32
116,1318.0,32
116,1319.0,32
116,1320.0,32
116,1321.0,32
116,1322.0,32
116,1323.0,32
116,1324.0,32
116,1325.0,32
116,1326.0,32
116,1327.0,32
116,1328.0,32
116,1329.0,32
116,1330.0,32
116,1331.0,32
116,1332.0,32
116,1333.0,32
116,1334.0,32
116,1335.0,32
116,1336.0,32
116,1337.0,32
116,1338.0,32
116,1339.0,32
116,1340.0,32
116,1341.0,32
116,1342.0,32
116,1343.0,32
116,1344.0,32
116,1345.0,32
116,1346.0,32
116,1347.0,32
116,1348.0,32
116,1349.0,32
116,1350.0,32
116,1351.0,32
116,1352.0,32
116,1353.0,32
116,1354.0,32
116,1355.0,32
116,1356.0,32
116,1357.0,32
116,1358.0,32
116,1359.0,32
116,1360.0,32
116,1361.0,32
116,1362.0,32
116,1363.0,32
116,1364.0,32
116,1365.0,32
116,1366.0,32
116,1367.0,32
116,1368.0,32
116,1369.0,32
116,1370.0,32
116,1371.0,32
116,1372.0,32
116,1373.0,32
116,1374.0,32
116,1375.0,32
116,1376.0,32
116,1377.0,32
116,1378.0,32
116,1379.0,32
116,1380.0,32
116,1381.0,32
116,1382.0,32
116,1383.0,32
116,1384.0,32
116,1385.0,32
116,1386.0,32
116,1387.0,32
116,1388.0,32
116,1389.0,32
116,1390.0,32
116,1391.0,32
116,1392.0,32
116,1393.0,32
116,1394.0,32
116,1395.0,32
116,1396.0,32
116,1397.0,32
116,1398.0,32
116,1399.0,32
116,1400.0,32
116,1401.0,32
116,1402.0,32
