"Steps taken by first ant","Time","Steps taken bt present ant"
0,1.0,0
0,2.0,0
0,3.0,0
0,4.0,0
0,5.0,0
0,6.0,0
0,7.0,0
0,8.0,0
0,9.0,0
0,10.0,0
0,11.0,0
0,12.0,0
0,13.0,0
0,14.0,0
0,15.0,0
0,16.0,0
0,17.0,0
0,18.0,0
0,19.0,0
0,20.0,0
0,21.0,0
0,22.0,0
0,23.0,0
0,24.0,0
0,25.0,0
0,26.0,0
0,27.0,0
0,28.0,0
0,29.0,0
0,30.0,0
0,31.0,0
0,32.0,0
0,33.0,0
0,34.0,0
0,35.0,0
0,36.0,0
0,37.0,0
0,38.0,0
0,39.0,0
0,40.0,0
0,41.0,0
0,42.0,0
0,43.0,0
0,44.0,0
0,45.0,0
0,46.0,0
0,47.0,0
0,48.0,0
0,49.0,0
0,50.0,0
0,51.0,0
0,52.0,0
0,53.0,0
0,54.0,0
0,55.0,0
0,56.0,0
0,57.0,0
0,58.0,0
0,59.0,0
0,60.0,0
0,61.0,0
0,62.0,0
0,63.0,0
0,64.0,0
0,65.0,0
0,66.0,0
0,67.0,0
0,68.0,0
0,69.0,0
0,70.0,0
0,71.0,0
0,72.0,0
0,73.0,0
0,74.0,0
0,75.0,0
0,76.0,0
0,77.0,0
0,78.0,0
0,79.0,0
0,80.0,0
0,81.0,0
0,82.0,0
0,83.0,0
0,84.0,0
0,85.0,0
0,86.0,0
0,87.0,0
0,88.0,0
0,89.0,0
0,90.0,0
0,91.0,0
0,92.0,0
0,93.0,0
0,94.0,0
0,95.0,0
0,96.0,0
0,97.0,0
0,98.0,0
0,99.0,0
0,100.0,0
0,101.0,0
0,102.0,0
0,103.0,0
0,104.0,0
0,105.0,0
0,106.0,0
0,107.0,0
0,108.0,0
0,109.0,0
0,110.0,0
0,111.0,0
0,112.0,0
0,113.0,0
0,114.0,0
0,115.0,0
0,116.0,0
0,117.0,0
0,118.0,0
0,119.0,0
0,120.0,0
0,121.0,0
0,122.0,0
0,123.0,120
0,124.0,118
124,125.0,117
124,126.0,115
124,127.0,113
124,128.0,109
124,129.0,109
124,130.0,106
124,131.0,104
124,132.0,101
124,133.0,99
124,134.0,97
124,135.0,97
124,136.0,96
124,137.0,92
124,138.0,92
124,139.0,91
124,140.0,90
124,141.0,88
124,142.0,87
124,143.0,85
124,144.0,83
124,145.0,82
124,146.0,80
124,147.0,79
124,148.0,77
124,149.0,75
124,150.0,74
124,151.0,72
124,152.0,68
124,153.0,64
124,154.0,63
124,155.0,61
124,156.0,60
124,157.0,58
124,158.0,57
124,159.0,57
124,160.0,56
124,161.0,54
124,162.0,53
124,163.0,51
124,164.0,50
124,165.0,49
124,166.0,49
124,167.0,48
124,168.0,47
124,169.0,43
124,170.0,43
124,171.0,42
124,172.0,42
124,173.0,41
124,174.0,41
124,175.0,40
124,176.0,40
124,177.0,40
124,178.0,40
124,179.0,40
124,180.0,40
124,181.0,40
124,182.0,39
124,183.0,39
124,184.0,39
124,185.0,39
124,186.0,39
124,187.0,39
124,188.0,39
124,189.0,38
124,190.0,38
124,191.0,38
124,192.0,38
124,193.0,38
124,194.0,38
124,195.0,38
124,196.0,38
124,197.0,38
124,198.0,38
124,199.0,37
124,200.0,37
124,201.0,37
124,202.0,37
124,203.0,37
124,204.0,37
124,205.0,37
124,206.0,37
124,207.0,37
124,208.0,37
124,209.0,37
124,210.0,37
124,211.0,37
124,212.0,36
124,213.0,36
124,214.0,36
124,215.0,36
124,216.0,36
124,217.0,36
124,218.0,36
124,219.0,36
124,220.0,36
124,221.0,36
124,222.0,36
124,223.0,35
124,224.0,35
124,225.0,35
124,226.0,35
124,227.0,35
124,228.0,35
124,229.0,35
124,230.0,35
124,231.0,35
124,232.0,35
124,233.0,35
124,234.0,35
124,235.0,35
124,236.0,34
124,237.0,34
124,238.0,34
124,239.0,34
124,240.0,34
124,241.0,34
124,242.0,34
124,243.0,34
124,244.0,34
124,245.0,34
124,246.0,34
124,247.0,34
124,248.0,34
124,249.0,34
124,250.0,34
124,251.0,34
124,252.0,33
124,253.0,33
124,254.0,33
124,255.0,33
124,256.0,33
124,257.0,33
124,258.0,33
124,259.0,33
124,260.0,33
124,261.0,33
124,262.0,33
124,263.0,33
124,264.0,33
124,265.0,33
124,266.0,33
124,267.0,33
124,268.0,33
124,269.0,33
124,270.0,33
124,271.0,33
124,272.0,33
124,273.0,33
124,274.0,33
124,275.0,33
124,276.0,33
124,277.0,32
124,278.0,32
124,279.0,32
124,280.0,32
124,281.0,32
124,282.0,32
124,283.0,32
124,284.0,32
124,285.0,32
124,286.0,32
124,287.0,32
124,288.0,32
124,289.0,32
124,290.0,32
124,291.0,32
124,292.0,32
124,293.0,32
124,294.0,32
124,295.0,32
124,296.0,32
124,297.0,32
124,298.0,32
124,299.0,32
124,300.0,32
124,301.0,32
124,302.0,32
124,303.0,32
124,304.0,32
124,305.0,32
124,306.0,32
124,307.0,32
124,308.0,32
124,309.0,32
124,310.0,32
124,311.0,32
124,312.0,32
124,313.0,32
124,314.0,32
124,315.0,32
124,316.0,32
124,317.0,32
124,318.0,32
124,319.0,32
124,320.0,32
124,321.0,32
124,322.0,32
124,323.0,32
124,324.0,32
124,325.0,32
124,326.0,32
124,327.0,32
124,328.0,32
124,329.0,32
124,330.0,32
124,331.0,32
124,332.0,32
124,333.0,32
124,334.0,32
124,335.0,32
124,336.0,32
124,337.0,32
124,338.0,32
124,339.0,32
124,340.0,32
124,341.0,32
124,342.0,32
124,343.0,32
124,344.0,32
124,345.0,32
124,346.0,32
124,347.0,32
124,348.0,32
124,349.0,32
124,350.0,32
124,351.0,32
124,352.0,32
124,353.0,32
124,354.0,32
124,355.0,32
124,356.0,32
124,357.0,32
124,358.0,32
124,359.0,32
124,360.0,32
124,361.0,32
124,362.0,32
124,363.0,32
124,364.0,32
124,365.0,32
124,366.0,32
124,367.0,32
124,368.0,32
124,369.0,32
124,370.0,32
124,371.0,32
124,372.0,32
124,373.0,32
124,374.0,32
124,375.0,32
124,376.0,32
124,377.0,32
124,378.0,32
124,379.0,32
124,380.0,32
124,381.0,32
124,382.0,32
124,383.0,32
124,384.0,32
124,385.0,32
124,386.0,32
124,387.0,32
124,388.0,32
124,389.0,32
124,390.0,32
124,391.0,32
124,392.0,32
124,393.0,32
124,394.0,32
124,395.0,32
124,396.0,32
124,397.0,32
124,398.0,32
124,399.0,32
124,400.0,32
124,401.0,32
124,402.0,32
124,403.0,32
124,404.0,32
124,405.0,32
124,406.0,32
124,407.0,32
124,408.0,32
124,409.0,32
124,410.0,32
124,411.0,32
124,412.0,32
124,413.0,32
124,414.0,32
124,415.0,32
124,416.0,32
124,417.0,32
124,418.0,32
124,419.0,32
124,420.0,32
124,421.0,32
124,422.0,32
124,423.0,32
124,424.0,32
124,425.0,32
124,426.0,32
124,427.0,32
124,428.0,32
124,429.0,32
124,430.0,32
124,431.0,32
124,432.0,32
124,433.0,32
124,434.0,32
124,435.0,32
124,436.0,32
124,437.0,32
124,438.0,32
124,439.0,32
124,440.0,32
124,441.0,32
124,442.0,32
124,443.0,32
124,444.0,32
124,445.0,32
124,446.0,32
124,447.0,32
124,448.0,32
124,449.0,32
124,450.0,32
124,451.0,32
124,452.0,32
124,453.0,32
124,454.0,32
124,455.0,32
124,456.0,32
124,457.0,32
124,458.0,32
124,459.0,32
124,460.0,32
124,461.0,32
124,462.0,32
124,463.0,32
124,464.0,32
124,465.0,32
124,466.0,32
124,467.0,32
124,468.0,32
124,469.0,32
124,470.0,32
124,471.0,32
124,472.0,32
124,473.0,32
124,474.0,32
124,475.0,32
124,476.0,32
124,477.0,32
124,478.0,32
124,479.0,32
124,480.0,32
124,481.0,32
124,482.0,32
124,483.0,32
124,484.0,32
124,485.0,32
124,486.0,32
124,487.0,32
124,488.0,32
124,489.0,32
124,490.0,32
124,491.0,32
124,492.0,32
124,493.0,32
124,494.0,32
124,495.0,32
124,496.0,32
124,497.0,32
124,498.0,32
124,499.0,32
124,500.0,32
124,501.0,32
124,502.0,32
124,503.0,32
124,504.0,32
124,505.0,32
124,506.0,32
124,507.0,32
124,508.0,32
124,509.0,32
124,510.0,32
124,511.0,32
124,512.0,32
124,513.0,32
124,514.0,32
124,515.0,32
124,516.0,32
124,517.0,32
124,518.0,32
124,519.0,32
124,520.0,32
124,521.0,32
124,522.0,32
124,523.0,32
124,524.0,32
124,525.0,32
124,526.0,32
124,527.0,32
124,528.0,32
124,529.0,32
124,530.0,32
124,531.0,32
124,532.0,32
124,533.0,32
124,534.0,32
124,535.0,32
124,536.0,32
124,537.0,32
124,538.0,32
124,539.0,32
124,540.0,32
124,541.0,32
124,542.0,32
124,543.0,32
124,544.0,32
124,545.0,32
124,546.0,32
124,547.0,32
124,548.0,32
124,549.0,32
124,550.0,32
124,551.0,32
124,552.0,32
124,553.0,32
124,554.0,32
124,555.0,32
124,556.0,32
124,557.0,32
124,558.0,32
124,559.0,32
124,560.0,32
124,561.0,32
124,562.0,32
124,563.0,32
124,564.0,32
124,565.0,32
124,566.0,32
124,567.0,32
124,568.0,32
124,569.0,32
124,570.0,32
124,571.0,32
124,572.0,32
124,573.0,32
124,574.0,32
124,575.0,32
124,576.0,32
124,577.0,32
124,578.0,32
124,579.0,32
124,580.0,32
124,581.0,32
124,582.0,32
124,583.0,32
124,584.0,32
124,585.0,32
124,586.0,32
124,587.0,32
124,588.0,32
124,589.0,32
124,590.0,32
124,591.0,32
124,592.0,32
124,593.0,32
124,594.0,32
124,595.0,32
124,596.0,32
124,597.0,32
124,598.0,32
124,599.0,32
124,600.0,32
124,601.0,32
124,602.0,32
124,603.0,32
124,604.0,32
124,605.0,32
124,606.0,32
124,607.0,32
124,608.0,32
124,609.0,32
124,610.0,32
124,611.0,32
124,612.0,32
124,613.0,32
124,614.0,32
124,615.0,32
124,616.0,32
124,617.0,32
124,618.0,32
124,619.0,32
124,620.0,32
124,621.0,32
124,622.0,32
124,623.0,32
124,624.0,32
124,625.0,32
124,626.0,32
124,627.0,32
124,628.0,32
124,629.0,32
124,630.0,32
124,631.0,32
124,632.0,32
124,633.0,32
124,634.0,32
124,635.0,32
124,636.0,32
124,637.0,32
124,638.0,32
124,639.0,32
124,640.0,32
124,641.0,32
124,642.0,32
124,643.0,32
124,644.0,32
124,645.0,32
124,646.0,32
124,647.0,32
124,648.0,32
124,649.0,32
124,650.0,32
124,651.0,32
124,652.0,32
124,653.0,32
124,654.0,32
124,655.0,32
124,656.0,32
124,657.0,32
124,658.0,32
124,659.0,32
124,660.0,32
124,661.0,32
124,662.0,32
124,663.0,32
124,664.0,32
124,665.0,32
124,666.0,32
124,667.0,32
124,668.0,32
124,669.0,32
124,670.0,32
124,671.0,32
124,672.0,32
124,673.0,32
124,674.0,32
124,675.0,32
124,676.0,32
124,677.0,32
124,678.0,32
124,679.0,32
124,680.0,32
124,681.0,32
124,682.0,32
124,683.0,32
124,684.0,32
124,685.0,32
124,686.0,32
124,687.0,32
124,688.0,32
124,689.0,32
124,690.0,32
124,691.0,32
124,692.0,32
124,693.0,32
124,694.0,32
124,695.0,32
124,696.0,32
124,697.0,32
124,698.0,32
124,699.0,32
124,700.0,32
124,701.0,32
124,702.0,32
124,703.0,32
124,704.0,32
124,705.0,32
124,706.0,32
124,707.0,32
124,708.0,32
124,709.0,32
124,710.0,32
124,711.0,32
124,712.0,32
124,713.0,32
124,714.0,32
124,715.0,32
124,716.0,32
124,717.0,32
124,718.0,32
124,719.0,32
124,720.0,32
124,721.0,32
124,722.0,32
124,723.0,32
124,724.0,32
124,725.0,32
124,726.0,32
124,727.0,32
124,728.0,32
124,729.0,32
124,730.0,32
124,731.0,32
124,732.0,32
124,733.0,32
124,734.0,32
124,735.0,32
124,736.0,32
124,737.0,32
124,738.0,32
124,739.0,32
124,740.0,32
124,741.0,32
124,742.0,32
124,743.0,32
124,744.0,32
124,745.0,32
124,746.0,32
124,747.0,32
124,748.0,32
124,749.0,32
124,750.0,32
124,751.0,32
124,752.0,32
124,753.0,32
124,754.0,32
124,755.0,32
124,756.0,32
124,757.0,32
124,758.0,32
124,759.0,32
124,760.0,32
124,761.0,32
124,762.0,32
124,763.0,32
124,764.0,32
124,765.0,32
124,766.0,32
124,767.0,32
124,768.0,32
124,769.0,32
124,770.0,32
124,771.0,32
124,772.0,32
124,773.0,32
124,774.0,32
124,775.0,32
124,776.0,32
124,777.0,32
124,778.0,32
124,779.0,32
124,780.0,32
124,781.0,32
124,782.0,32
124,783.0,32
124,784.0,32
124,785.0,32
124,786.0,32
124,787.0,32
124,788.0,32
124,789.0,32
124,790.0,32
124,791.0,32
124,792.0,32
124,793.0,32
124,794.0,32
124,795.0,32
124,796.0,32
124,797.0,32
124,798.0,32
124,799.0,32
124,800.0,32
124,801.0,32
124,802.0,32
124,803.0,32
124,804.0,32
124,805.0,32
124,806.0,32
124,807.0,32
124,808.0,32
124,809.0,32
124,810.0,32
124,811.0,32
124,812.0,32
124,813.0,32
124,814.0,32
124,815.0,32
124,816.0,32
124,817.0,32
124,818.0,32
124,819.0,32
124,820.0,32
124,821.0,32
124,822.0,32
124,823.0,32
124,824.0,32
124,825.0,32
124,826.0,32
124,827.0,32
124,828.0,32
124,829.0,32
124,830.0,32
124,831.0,32
124,832.0,32
124,833.0,32
124,834.0,32
124,835.0,32
124,836.0,32
124,837.0,32
124,838.0,32
124,839.0,32
124,840.0,32
124,841.0,32
124,842.0,32
124,843.0,32
124,844.0,32
124,845.0,32
124,846.0,32
124,847.0,32
124,848.0,32
124,849.0,32
124,850.0,32
124,851.0,32
124,852.0,32
124,853.0,32
124,854.0,32
124,855.0,32
124,856.0,32
124,857.0,32
124,858.0,32
124,859.0,32
124,860.0,32
124,861.0,32
124,862.0,32
124,863.0,32
124,864.0,32
124,865.0,32
124,866.0,32
124,867.0,32
124,868.0,32
124,869.0,32
124,870.0,32
124,871.0,32
124,872.0,32
124,873.0,32
124,874.0,32
124,875.0,32
124,876.0,32
124,877.0,32
124,878.0,32
124,879.0,32
124,880.0,32
124,881.0,32
124,882.0,32
124,883.0,32
124,884.0,32
124,885.0,32
124,886.0,32
124,887.0,32
124,888.0,32
124,889.0,32
124,890.0,32
124,891.0,32
124,892.0,32
124,893.0,32
124,894.0,32
124,895.0,32
124,896.0,32
124,897.0,32
124,898.0,32
124,899.0,32
124,900.0,32
124,901.0,32
124,902.0,32
124,903.0,32
124,904.0,32
124,905.0,32
124,906.0,32
124,907.0,32
124,908.0,32
124,909.0,32
124,910.0,32
124,911.0,32
124,912.0,32
124,913.0,32
124,914.0,32
124,915.0,32
124,916.0,32
124,917.0,32
124,918.0,32
124,919.0,32
124,920.0,32
124,921.0,32
124,922.0,32
124,923.0,32
124,924.0,32
124,925.0,32
124,926.0,32
124,927.0,32
124,928.0,32
124,929.0,32
124,930.0,32
124,931.0,32
124,932.0,32
124,933.0,32
124,934.0,32
124,935.0,32
124,936.0,32
124,937.0,32
124,938.0,32
124,939.0,32
124,940.0,32
124,941.0,32
124,942.0,32
124,943.0,32
124,944.0,32
124,945.0,32
124,946.0,32
124,947.0,32
124,948.0,32
124,949.0,32
124,950.0,32
124,951.0,32
124,952.0,32
124,953.0,32
124,954.0,32
124,955.0,32
124,956.0,32
124,957.0,32
124,958.0,32
124,959.0,32
124,960.0,32
124,961.0,32
124,962.0,32
124,963.0,32
124,964.0,32
124,965.0,32
124,966.0,32
124,967.0,32
124,968.0,32
124,969.0,32
124,970.0,32
124,971.0,32
124,972.0,32
124,973.0,32
124,974.0,32
124,975.0,32
124,976.0,32
124,977.0,32
124,978.0,32
124,979.0,32
124,980.0,32
124,981.0,32
124,982.0,32
124,983.0,32
124,984.0,32
124,985.0,32
124,986.0,32
124,987.0,32
124,988.0,32
124,989.0,32
124,990.0,32
124,991.0,32
124,992.0,32
124,993.0,32
124,994.0,32
124,995.0,32
124,996.0,32
124,997.0,32
124,998.0,32
124,999.0,32
124,1000.0,32
124,1001.0,32
124,1002.0,32
124,1003.0,32
124,1004.0,32
124,1005.0,32
124,1006.0,32
124,1007.0,32
124,1008.0,32
124,1009.0,32
124,1010.0,32
124,1011.0,32
124,1012.0,32
124,1013.0,32
124,1014.0,32
124,1015.0,32
124,1016.0,32
124,1017.0,32
124,1018.0,32
124,1019.0,32
124,1020.0,32
124,1021.0,32
124,1022.0,32
124,1023.0,32
124,1024.0,32
124,1025.0,32
124,1026.0,32
124,1027.0,32
124,1028.0,32
124,1029.0,32
124,1030.0,32
124,1031.0,32
124,1032.0,32
124,1033.0,32
124,1034.0,32
124,1035.0,32
124,1036.0,32
124,1037.0,32
124,1038.0,32
124,1039.0,32
124,1040.0,32
124,1041.0,32
124,1042.0,32
124,1043.0,32
124,1044.0,32
124,1045.0,32
124,1046.0,32
124,1047.0,32
124,1048.0,32
124,1049.0,32
124,1050.0,32
124,1051.0,32
124,1052.0,32
124,1053.0,32
124,1054.0,32
124,1055.0,32
124,1056.0,32
124,1057.0,32
124,1058.0,32
124,1059.0,32
124,1060.0,32
124,1061.0,32
124,1062.0,32
124,1063.0,32
124,1064.0,32
124,1065.0,32
124,1066.0,32
124,1067.0,32
124,1068.0,32
124,1069.0,32
124,1070.0,32
124,1071.0,32
124,1072.0,32
124,1073.0,32
124,1074.0,32
124,1075.0,32
124,1076.0,32
124,1077.0,32
124,1078.0,32
124,1079.0,32
124,1080.0,32
124,1081.0,32
124,1082.0,32
124,1083.0,32
124,1084.0,32
124,1085.0,32
124,1086.0,32
124,1087.0,32
124,1088.0,32
124,1089.0,32
124,1090.0,32
124,1091.0,32
124,1092.0,32
124,1093.0,32
124,1094.0,32
124,1095.0,32
124,1096.0,32
124,1097.0,32
124,1098.0,32
124,1099.0,32
124,1100.0,32
124,1101.0,32
124,1102.0,32
124,1103.0,32
124,1104.0,32
124,1105.0,32
124,1106.0,32
124,1107.0,32
124,1108.0,32
124,1109.0,32
124,1110.0,32
124,1111.0,32
124,1112.0,32
124,1113.0,32
124,1114.0,32
124,1115.0,32
124,1116.0,32
124,1117.0,32
124,1118.0,32
124,1119.0,32
124,1120.0,32
124,1121.0,32
124,1122.0,32
124,1123.0,32
124,1124.0,32
124,1125.0,32
124,1126.0,32
124,1127.0,32
124,1128.0,32
124,1129.0,32
124,1130.0,32
124,1131.0,32
124,1132.0,32
124,1133.0,32
124,1134.0,32
124,1135.0,32
124,1136.0,32
124,1137.0,32
124,1138.0,32
124,1139.0,32
124,1140.0,32
124,1141.0,32
124,1142.0,32
124,1143.0,32
124,1144.0,32
124,1145.0,32
124,1146.0,32
124,1147.0,32
124,1148.0,32
124,1149.0,32
124,1150.0,32
124,1151.0,32
124,1152.0,32
124,1153.0,32
124,1154.0,32
124,1155.0,32
124,1156.0,32
124,1157.0,32
124,1158.0,32
124,1159.0,32
124,1160.0,32
124,1161.0,32
124,1162.0,32
124,1163.0,32
124,1164.0,32
124,1165.0,32
124,1166.0,32
124,1167.0,32
124,1168.0,32
124,1169.0,32
124,1170.0,32
124,1171.0,32
124,1172.0,32
124,1173.0,32
124,1174.0,32
124,1175.0,32
124,1176.0,32
124,1177.0,32
124,1178.0,32
124,1179.0,32
124,1180.0,32
124,1181.0,32
124,1182.0,32
124,1183.0,32
124,1184.0,32
124,1185.0,32
124,1186.0,32
124,1187.0,32
124,1188.0,32
124,1189.0,32
124,1190.0,32
124,1191.0,32
124,1192.0,32
124,1193.0,32
124,1194.0,32
124,1195.0,32
124,1196.0,32
124,1197.0,32
124,1198.0,32
124,1199.0,32
124,1200.0,32
124,1201.0,32
124,1202.0,32
124,1203.0,32
124,1204.0,32
124,1205.0,32
124,1206.0,32
124,1207.0,32
124,1208.0,32
124,1209.0,32
124,1210.0,32
124,1211.0,32
124,1212.0,32
124,1213.0,32
124,1214.0,32
124,1215.0,32
124,1216.0,32
124,1217.0,32
124,1218.0,32
124,1219.0,32
124,1220.0,32
124,1221.0,32
124,1222.0,32
124,1223.0,32
124,1224.0,32
124,1225.0,32
124,1226.0,32
124,1227.0,32
124,1228.0,32
124,1229.0,32
124,1230.0,32
124,1231.0,32
124,1232.0,32
124,1233.0,32
124,1234.0,32
124,1235.0,32
124,1236.0,32
124,1237.0,32
124,1238.0,32
124,1239.0,32
124,1240.0,32
124,1241.0,32
124,1242.0,32
124,1243.0,32
124,1244.0,32
124,1245.0,32
124,1246.0,32
124,1247.0,32
124,1248.0,32
124,1249.0,32
124,1250.0,32
124,1251.0,32
124,1252.0,32
124,1253.0,32
124,1254.0,32
124,1255.0,32
124,1256.0,32
124,1257.0,32
124,1258.0,32
124,1259.0,32
124,1260.0,32
124,1261.0,32
124,1262.0,32
124,1263.0,32
124,1264.0,32
124,1265.0,32
124,1266.0,32
124,1267.0,32
124,1268.0,32
124,1269.0,32
124,1270.0,32
124,1271.0,32
124,1272.0,32
124,1273.0,32
124,1274.0,32
124,1275.0,32
124,1276.0,32
124,1277.0,32
124,1278.0,32
124,1279.0,32
124,1280.0,32
124,1281.0,32
124,1282.0,32
124,1283.0,32
124,1284.0,32
124,1285.0,32
124,1286.0,32
124,1287.0,32
124,1288.0,32
124,1289.0,32
124,1290.0,32
124,1291.0,32
124,1292.0,32
124,1293.0,32
124,1294.0,32
124,1295.0,32
124,1296.0,32
124,1297.0,32
124,1298.0,32
124,1299.0,32
124,1300.0,32
124,1301.0,32
124,1302.0,32
124,1303.0,32
124,1304.0,32
124,0.0,32
124,1.0,32
124,2.0,32
124,3.0,32
124,4.0,32
124,5.0,32
124,6.0,32
124,7.0,32
124,8.0,32
124,9.0,32
124,10.0,32
124,11.0,32
124,12.0,32
124,13.0,32
124,14.0,32
124,15.0,32
124,16.0,32
124,17.0,32
124,18.0,32
124,19.0,32
124,20.0,32
124,21.0,32
124,22.0,32
124,23.0,32
124,24.0,32
124,25.0,32
124,26.0,32
124,27.0,32
124,28.0,32
124,29.0,32
124,30.0,32
124,31.0,32
124,32.0,32
124,33.0,32
124,34.0,32
124,35.0,32
124,36.0,32
124,37.0,32
124,38.0,32
124,39.0,32
124,40.0,32
124,41.0,32
124,42.0,32
124,43.0,32
124,44.0,32
124,45.0,32
124,46.0,32
124,47.0,32
124,48.0,32
124,49.0,32
124,50.0,32
124,51.0,51
51,52.0,50
51,53.0,49
51,54.0,49
51,55.0,48
51,56.0,47
51,57.0,42
51,58.0,34
51,59.0,33
51,60.0,33
51,61.0,32
51,62.0,32
51,63.0,32
51,64.0,32
51,65.0,32
51,66.0,32
51,67.0,32
51,68.0,32
51,69.0,32
51,70.0,32
51,71.0,32
51,72.0,32
51,73.0,32
51,74.0,32
51,75.0,32
51,76.0,32
51,77.0,32
51,78.0,32
51,79.0,32
51,80.0,32
51,81.0,32
51,82.0,32
51,83.0,32
51,84.0,32
51,85.0,32
51,86.0,32
51,87.0,32
51,88.0,32
51,89.0,32
51,90.0,32
51,91.0,32
51,92.0,32
51,93.0,32
51,94.0,32
51,95.0,32
51,96.0,32
51,97.0,32
51,98.0,32
51,99.0,32
51,100.0,32
51,101.0,32
51,102.0,32
51,103.0,32
51,104.0,32
51,105.0,32
51,106.0,32
51,107.0,32
51,108.0,32
51,109.0,32
51,110.0,32
51,111.0,32
51,112.0,32
51,113.0,32
51,114.0,32
51,115.0,32
51,116.0,32
51,117.0,32
51,118.0,32
51,119.0,32
51,120.0,32
51,121.0,32
51,122.0,32
51,123.0,32
51,124.0,32
51,125.0,32
51,126.0,32
51,127.0,32
51,128.0,32
51,129.0,32
51,130.0,32
51,131.0,32
51,132.0,32
51,133.0,32
51,134.0,32
51,135.0,32
51,136.0,32
51,137.0,32
51,138.0,32
51,139.0,32
51,140.0,32
51,141.0,32
51,142.0,32
51,143.0,32
51,144.0,32
51,145.0,32
51,146.0,32
51,147.0,32
51,148.0,32
51,149.0,32
51,150.0,32
51,151.0,32
51,152.0,32
51,153.0,32
51,154.0,32
51,155.0,32
51,156.0,32
51,157.0,32
51,158.0,32
51,159.0,32
51,160.0,32
51,161.0,32
51,162.0,32
51,163.0,32
51,164.0,32
51,165.0,32
51,166.0,32
51,167.0,32
51,168.0,32
51,169.0,32
51,170.0,32
51,171.0,32
51,172.0,32
51,173.0,32
51,174.0,32
51,175.0,32
51,176.0,32
51,177.0,32
51,178.0,32
51,179.0,32
51,180.0,32
51,181.0,32
51,182.0,32
51,183.0,32
51,184.0,32
51,185.0,32
51,186.0,32
51,187.0,32
51,188.0,32
51,189.0,32
51,190.0,32
51,191.0,32
51,192.0,32
51,193.0,32
51,194.0,32
51,195.0,32
51,196.0,32
51,197.0,32
51,198.0,32
51,199.0,32
51,200.0,32
51,201.0,32
51,202.0,32
51,203.0,32
51,204.0,32
51,205.0,32
51,206.0,32
51,207.0,32
51,208.0,32
51,209.0,32
51,210.0,32
51,211.0,32
51,212.0,32
51,213.0,32
51,214.0,32
51,215.0,32
51,216.0,32
51,217.0,32
51,218.0,32
51,219.0,32
51,220.0,32
51,221.0,32
51,222.0,32
51,223.0,32
51,224.0,32
51,225.0,32
51,226.0,32
51,227.0,32
51,228.0,32
51,229.0,32
51,230.0,32
51,231.0,32
51,232.0,32
51,233.0,32
51,234.0,32
51,235.0,32
51,236.0,32
51,237.0,32
51,238.0,32
51,239.0,32
51,240.0,32
51,241.0,32
51,242.0,32
51,243.0,32
51,244.0,32
51,245.0,32
51,246.0,32
51,247.0,32
51,248.0,32
51,249.0,32
51,250.0,32
51,251.0,32
51,252.0,32
51,253.0,32
51,254.0,32
51,255.0,32
51,256.0,32
51,257.0,32
51,258.0,32
51,259.0,32
51,260.0,32
51,261.0,32
51,262.0,32
51,263.0,32
51,264.0,32
51,265.0,32
51,266.0,32
51,267.0,32
51,268.0,32
51,269.0,32
51,270.0,32
51,271.0,32
51,272.0,32
51,273.0,32
51,274.0,32
51,275.0,32
51,276.0,32
51,277.0,32
51,278.0,32
51,279.0,32
51,280.0,32
51,281.0,32
51,282.0,32
51,283.0,32
51,284.0,32
51,285.0,32
51,286.0,32
51,287.0,32
51,288.0,32
51,289.0,32
51,290.0,32
51,291.0,32
51,292.0,32
51,293.0,32
51,294.0,32
51,295.0,32
51,296.0,32
51,297.0,32
51,298.0,32
51,299.0,32
51,300.0,32
51,301.0,32
51,302.0,32
51,303.0,32
51,304.0,32
51,305.0,32
51,306.0,32
51,307.0,32
51,308.0,32
51,309.0,32
51,310.0,32
51,311.0,32
51,312.0,32
51,313.0,32
51,314.0,32
51,315.0,32
51,316.0,32
51,317.0,32
51,318.0,32
51,319.0,32
51,320.0,32
51,321.0,32
51,322.0,32
51,323.0,32
51,324.0,32
51,325.0,32
51,326.0,32
51,327.0,32
51,328.0,32
51,329.0,32
51,330.0,32
51,331.0,32
51,332.0,32
51,333.0,32
51,334.0,32
51,335.0,32
51,336.0,32
51,337.0,32
51,338.0,32
51,339.0,32
51,340.0,32
51,341.0,32
51,342.0,32
51,343.0,32
51,344.0,32
51,345.0,32
51,346.0,32
51,347.0,32
51,348.0,32
51,349.0,32
51,350.0,32
51,351.0,32
51,352.0,32
51,353.0,32
51,354.0,32
51,355.0,32
51,356.0,32
51,357.0,32
51,358.0,32
51,359.0,32
51,360.0,32
51,361.0,32
51,362.0,32
51,363.0,32
51,364.0,32
51,365.0,32
51,366.0,32
51,367.0,32
51,368.0,32
51,369.0,32
51,370.0,32
51,371.0,32
51,372.0,32
51,373.0,32
51,374.0,32
51,375.0,32
51,376.0,32
51,377.0,32
51,378.0,32
51,379.0,32
51,380.0,32
51,381.0,32
51,382.0,32
51,383.0,32
51,384.0,32
51,385.0,32
51,386.0,32
51,387.0,32
51,388.0,32
51,389.0,32
51,390.0,32
51,391.0,32
51,392.0,32
51,393.0,32
51,394.0,32
51,395.0,32
51,396.0,32
51,397.0,32
51,398.0,32
51,399.0,32
51,400.0,32
51,401.0,32
51,402.0,32
51,403.0,32
51,404.0,32
51,405.0,32
51,406.0,32
51,407.0,32
51,408.0,32
51,409.0,32
51,410.0,32
51,411.0,32
51,412.0,32
51,413.0,32
51,414.0,32
51,415.0,32
51,416.0,32
51,417.0,32
51,418.0,32
51,419.0,32
51,420.0,32
51,421.0,32
51,422.0,32
51,423.0,32
51,424.0,32
51,425.0,32
51,426.0,32
51,427.0,32
51,428.0,32
51,429.0,32
51,430.0,32
51,431.0,32
51,432.0,32
51,433.0,32
51,434.0,32
51,435.0,32
51,436.0,32
51,437.0,32
51,438.0,32
51,439.0,32
51,440.0,32
51,441.0,32
51,442.0,32
51,443.0,32
51,444.0,32
51,445.0,32
51,446.0,32
51,447.0,32
51,448.0,32
51,449.0,32
51,450.0,32
51,451.0,32
51,452.0,32
51,453.0,32
51,454.0,32
51,455.0,32
51,456.0,32
51,457.0,32
51,458.0,32
51,459.0,32
51,460.0,32
51,461.0,32
51,462.0,32
51,463.0,32
51,464.0,32
51,465.0,32
51,466.0,32
51,467.0,32
51,468.0,32
51,469.0,32
51,470.0,32
51,471.0,32
51,472.0,32
51,473.0,32
51,474.0,32
51,475.0,32
51,476.0,32
51,477.0,32
51,478.0,32
51,479.0,32
51,480.0,32
51,481.0,32
51,482.0,32
51,483.0,32
51,484.0,32
51,485.0,32
51,486.0,32
51,487.0,32
51,488.0,32
51,489.0,32
51,490.0,32
51,491.0,32
51,492.0,32
51,493.0,32
51,494.0,32
51,495.0,32
51,496.0,32
51,497.0,32
51,498.0,32
51,499.0,32
51,500.0,32
51,501.0,32
51,502.0,32
51,503.0,32
51,504.0,32
51,505.0,32
51,506.0,32
51,507.0,32
51,508.0,32
51,509.0,32
51,510.0,32
51,511.0,32
51,512.0,32
51,513.0,32
51,514.0,32
51,515.0,32
51,516.0,32
51,517.0,32
51,518.0,32
51,519.0,32
51,520.0,32
51,521.0,32
51,522.0,32
51,523.0,32
51,524.0,32
51,525.0,32
51,526.0,32
51,527.0,32
51,528.0,32
51,529.0,32
51,530.0,32
51,531.0,32
51,532.0,32
51,533.0,32
51,534.0,32
51,535.0,32
51,536.0,32
51,537.0,32
51,538.0,32
51,539.0,32
51,540.0,32
51,541.0,32
51,542.0,32
51,543.0,32
51,544.0,32
51,545.0,32
51,546.0,32
51,547.0,32
51,548.0,32
51,549.0,32
51,550.0,32
51,551.0,32
51,552.0,32
51,553.0,32
51,554.0,32
51,555.0,32
51,556.0,32
51,557.0,32
51,558.0,32
51,559.0,32
51,560.0,32
51,561.0,32
51,562.0,32
51,563.0,32
51,564.0,32
51,565.0,32
51,566.0,32
51,567.0,32
51,568.0,32
51,569.0,32
51,570.0,32
51,571.0,32
51,572.0,32
51,573.0,32
51,574.0,32
51,575.0,32
51,576.0,32
51,577.0,32
51,578.0,32
51,579.0,32
51,580.0,32
51,581.0,32
51,582.0,32
51,583.0,32
51,584.0,32
51,585.0,32
51,586.0,32
51,587.0,32
51,588.0,32
51,589.0,32
51,590.0,32
51,591.0,32
51,592.0,32
51,593.0,32
51,594.0,32
51,595.0,32
51,596.0,32
51,597.0,32
51,598.0,32
51,599.0,32
51,600.0,32
51,601.0,32
51,602.0,32
51,603.0,32
51,604.0,32
51,605.0,32
51,606.0,32
51,607.0,32
51,608.0,32
51,609.0,32
51,610.0,32
51,611.0,32
51,612.0,32
51,613.0,32
51,614.0,32
51,615.0,32
51,616.0,32
51,617.0,32
51,618.0,32
51,619.0,32
51,620.0,32
51,621.0,32
51,622.0,32
51,623.0,32
51,624.0,32
51,625.0,32
51,626.0,32
51,627.0,32
51,628.0,32
51,629.0,32
51,630.0,32
51,631.0,32
51,632.0,32
51,633.0,32
51,634.0,32
51,635.0,32
51,636.0,32
51,637.0,32
51,638.0,32
51,639.0,32
51,640.0,32
51,641.0,32
51,642.0,32
51,643.0,32
51,644.0,32
51,645.0,32
51,646.0,32
51,647.0,32
51,648.0,32
51,649.0,32
51,650.0,32
51,651.0,32
51,652.0,32
51,653.0,32
51,654.0,32
51,655.0,32
51,656.0,32
51,657.0,32
51,658.0,32
51,659.0,32
51,660.0,32
51,661.0,32
51,662.0,32
51,663.0,32
51,664.0,32
51,665.0,32
51,666.0,32
51,667.0,32
51,668.0,32
51,669.0,32
51,670.0,32
51,671.0,32
51,672.0,32
51,673.0,32
51,674.0,32
51,675.0,32
51,676.0,32
51,677.0,32
51,678.0,32
51,679.0,32
51,680.0,32
51,681.0,32
51,682.0,32
51,683.0,32
51,684.0,32
51,685.0,32
51,686.0,32
51,687.0,32
51,688.0,32
51,689.0,32
51,690.0,32
51,691.0,32
51,692.0,32
51,693.0,32
51,694.0,32
51,695.0,32
51,696.0,32
51,697.0,32
51,0.0,32
51,1.0,32
51,2.0,32
51,3.0,32
51,4.0,32
51,5.0,32
51,6.0,32
51,7.0,32
51,8.0,32
51,9.0,32
51,10.0,32
51,11.0,32
51,12.0,32
51,13.0,32
51,14.0,32
51,15.0,32
51,16.0,32
51,17.0,32
51,18.0,32
51,19.0,32
51,20.0,32
51,21.0,32
51,22.0,32
51,23.0,32
51,24.0,32
51,25.0,32
51,26.0,32
51,27.0,32
51,28.0,32
51,29.0,32
51,30.0,32
51,31.0,32
51,32.0,32
51,33.0,32
51,34.0,32
51,35.0,32
51,36.0,32
51,37.0,32
51,38.0,32
51,39.0,32
51,40.0,32
51,41.0,32
51,42.0,32
51,43.0,32
51,44.0,32
51,45.0,32
51,46.0,32
51,47.0,32
51,48.0,32
51,49.0,32
51,50.0,32
51,51.0,32
51,52.0,49
51,53.0,47
51,54.0,39
51,55.0,39
51,56.0,39
56,57.0,35
56,58.0,34
56,59.0,34
56,60.0,34
56,61.0,32
56,62.0,32
56,63.0,32
56,64.0,32
56,65.0,32
56,66.0,32
56,67.0,32
56,68.0,32
56,69.0,32
56,70.0,32
56,0.0,32
56,0.0,32
56,1.0,32
56,2.0,32
56,3.0,32
56,4.0,32
56,5.0,32
56,6.0,32
56,7.0,32
56,8.0,32
56,9.0,32
56,10.0,32
56,11.0,32
56,12.0,32
56,13.0,32
56,14.0,32
56,15.0,32
56,16.0,32
56,17.0,32
56,18.0,32
56,19.0,32
56,20.0,32
56,21.0,32
56,22.0,32
56,23.0,32
56,24.0,32
56,25.0,32
56,26.0,32
56,27.0,32
56,28.0,32
56,29.0,32
56,30.0,32
56,31.0,32
56,32.0,32
56,33.0,32
56,34.0,32
56,35.0,32
56,36.0,32
56,37.0,32
56,38.0,32
56,39.0,32
56,40.0,32
56,41.0,32
56,42.0,32
56,43.0,32
56,44.0,32
56,45.0,32
56,46.0,32
56,47.0,32
56,48.0,32
56,49.0,32
56,50.0,32
56,51.0,32
56,52.0,32
56,53.0,32
56,54.0,32
56,55.0,32
56,56.0,32
56,57.0,32
56,58.0,32
56,59.0,32
56,60.0,32
56,61.0,32
56,62.0,32
56,63.0,32
56,64.0,32
56,65.0,32
56,66.0,32
56,67.0,32
56,68.0,32
56,69.0,32
56,70.0,32
56,71.0,32
56,72.0,32
56,73.0,32
56,74.0,32
56,75.0,32
56,76.0,32
56,77.0,32
56,78.0,32
56,79.0,32
56,80.0,32
56,81.0,32
56,82.0,32
56,83.0,32
56,84.0,32
56,85.0,32
56,86.0,32
56,87.0,32
56,88.0,32
56,89.0,32
56,90.0,32
56,91.0,32
56,92.0,32
56,93.0,32
56,94.0,32
56,95.0,32
56,96.0,32
56,97.0,32
56,98.0,32
56,99.0,32
56,100.0,32
56,101.0,32
56,102.0,32
56,103.0,32
56,104.0,32
56,105.0,32
56,106.0,32
56,107.0,32
56,108.0,32
56,109.0,32
56,110.0,32
56,111.0,32
56,112.0,32
56,113.0,32
56,114.0,32
56,115.0,32
56,116.0,32
56,117.0,32
56,118.0,32
56,119.0,32
56,120.0,32
56,121.0,32
56,122.0,32
56,123.0,32
56,124.0,32
56,125.0,32
56,126.0,32
56,127.0,32
56,128.0,32
56,129.0,32
56,130.0,32
56,131.0,32
56,132.0,32
56,133.0,32
56,134.0,32
56,135.0,32
56,136.0,32
56,137.0,32
56,138.0,32
56,139.0,32
56,140.0,32
56,141.0,32
56,142.0,32
56,143.0,32
56,144.0,32
56,145.0,32
56,146.0,32
56,147.0,32
56,148.0,32
56,149.0,32
56,150.0,32
56,151.0,32
56,152.0,32
56,153.0,32
56,154.0,32
56,155.0,32
56,156.0,32
56,157.0,32
56,158.0,32
56,159.0,32
56,160.0,32
56,161.0,32
56,162.0,32
56,163.0,32
56,164.0,32
56,165.0,32
56,166.0,32
56,167.0,32
56,168.0,32
56,169.0,32
56,170.0,32
56,171.0,32
56,172.0,32
56,173.0,32
56,174.0,32
56,175.0,32
56,176.0,32
56,177.0,32
56,178.0,32
56,179.0,32
56,180.0,32
56,181.0,32
56,182.0,32
56,183.0,32
56,184.0,32
56,185.0,32
56,186.0,32
56,187.0,32
56,188.0,32
56,189.0,186
189,190.0,184
189,191.0,183
189,192.0,183
189,193.0,182
189,194.0,180
189,195.0,172
189,196.0,180
189,197.0,168
189,198.0,166
189,199.0,162
189,200.0,162
189,201.0,162
189,202.0,160
189,203.0,159
189,204.0,157
189,205.0,155
189,206.0,154
189,207.0,153
189,208.0,148
189,209.0,146
189,210.0,145
189,211.0,143
189,212.0,141
189,213.0,134
189,214.0,132
189,215.0,130
189,216.0,130
189,217.0,130
189,218.0,130
189,219.0,125
189,220.0,121
189,221.0,119
189,222.0,118
189,223.0,114
189,224.0,111
189,225.0,111
189,226.0,108
189,227.0,106
189,228.0,102
189,229.0,98
189,230.0,97
189,231.0,97
189,232.0,96
189,233.0,94
189,234.0,93
189,235.0,92
189,236.0,90
189,237.0,85
189,238.0,83
189,239.0,81
189,240.0,77
189,241.0,76
189,242.0,74
189,243.0,73
189,244.0,72
189,245.0,71
189,246.0,70
189,247.0,69
189,248.0,65
189,249.0,63
189,250.0,63
189,251.0,61
189,252.0,60
189,253.0,59
189,254.0,57
189,255.0,57
189,256.0,57
189,257.0,56
189,258.0,54
189,259.0,54
189,260.0,53
189,261.0,48
189,262.0,47
189,263.0,45
189,264.0,45
189,265.0,42
189,266.0,41
189,267.0,39
189,268.0,37
189,269.0,36
189,270.0,36
189,271.0,36
189,272.0,36
189,273.0,36
189,274.0,35
189,275.0,35
189,276.0,35
189,277.0,35
189,278.0,35
189,279.0,35
189,280.0,34
189,281.0,34
189,282.0,34
189,283.0,34
189,284.0,34
189,285.0,34
189,286.0,34
189,287.0,34
189,288.0,34
189,289.0,34
189,290.0,34
189,291.0,34
189,292.0,34
189,293.0,34
189,294.0,34
189,295.0,34
189,296.0,34
189,297.0,34
189,298.0,34
189,299.0,34
189,300.0,34
189,301.0,34
189,302.0,34
189,303.0,34
189,304.0,34
189,305.0,34
189,306.0,34
189,307.0,34
189,308.0,34
189,309.0,34
189,310.0,34
189,311.0,34
189,312.0,34
189,313.0,34
189,314.0,34
189,315.0,34
189,316.0,34
189,317.0,34
189,318.0,34
189,319.0,34
189,320.0,34
189,321.0,34
189,322.0,34
189,323.0,34
189,324.0,34
189,325.0,34
189,326.0,34
189,327.0,34
189,328.0,34
189,329.0,34
189,330.0,34
189,331.0,34
189,332.0,34
189,333.0,34
189,334.0,34
189,335.0,34
189,336.0,34
189,337.0,34
189,338.0,34
189,339.0,34
189,340.0,34
189,341.0,34
189,342.0,34
189,343.0,34
189,344.0,34
189,345.0,34
189,346.0,34
189,347.0,34
189,348.0,34
189,349.0,34
189,350.0,34
189,351.0,34
189,352.0,34
189,353.0,34
189,354.0,34
189,355.0,34
189,356.0,34
189,357.0,34
189,358.0,34
189,359.0,34
189,360.0,34
189,361.0,34
189,362.0,34
189,363.0,34
189,364.0,34
189,365.0,34
189,366.0,34
189,367.0,34
189,368.0,34
189,369.0,34
189,370.0,34
189,371.0,34
189,372.0,34
189,373.0,34
189,374.0,34
189,375.0,34
189,376.0,34
189,377.0,34
189,378.0,34
189,379.0,34
189,380.0,34
189,381.0,34
189,382.0,34
189,383.0,34
189,384.0,34
189,385.0,34
189,386.0,34
189,387.0,34
189,388.0,34
189,389.0,34
189,390.0,34
189,391.0,34
189,392.0,34
189,393.0,34
189,394.0,34
189,395.0,34
189,396.0,34
189,397.0,34
189,398.0,34
189,399.0,34
189,400.0,34
189,401.0,34
189,402.0,34
189,403.0,34
189,404.0,34
189,405.0,34
189,406.0,34
189,407.0,34
189,408.0,34
189,409.0,34
189,410.0,34
189,411.0,34
189,412.0,34
189,413.0,34
189,414.0,34
189,415.0,34
189,416.0,34
189,417.0,34
189,418.0,34
189,419.0,34
189,420.0,34
189,421.0,34
189,422.0,34
189,423.0,34
189,424.0,34
189,425.0,34
189,426.0,34
189,427.0,34
189,428.0,34
189,429.0,34
189,430.0,34
189,431.0,34
189,432.0,34
189,433.0,34
189,434.0,34
189,435.0,34
189,436.0,34
189,437.0,34
189,438.0,34
189,439.0,34
189,440.0,34
189,441.0,34
189,442.0,34
189,443.0,34
189,444.0,34
189,445.0,34
189,446.0,34
189,447.0,34
189,448.0,34
189,449.0,34
189,450.0,34
189,451.0,34
189,452.0,34
189,453.0,34
189,454.0,34
189,455.0,34
189,456.0,34
189,457.0,34
189,458.0,34
189,459.0,34
189,460.0,34
189,461.0,34
189,462.0,34
189,463.0,34
189,464.0,34
189,465.0,34
189,466.0,34
189,467.0,34
189,468.0,34
189,469.0,34
189,470.0,34
189,471.0,34
189,472.0,34
189,473.0,34
189,474.0,34
189,475.0,34
189,476.0,34
189,477.0,34
189,478.0,34
189,479.0,34
189,480.0,34
189,481.0,34
189,482.0,34
189,483.0,34
189,484.0,34
189,485.0,34
189,486.0,34
189,487.0,34
189,488.0,34
189,489.0,34
189,490.0,34
189,491.0,34
189,492.0,34
189,493.0,34
189,494.0,34
189,495.0,34
189,496.0,34
189,497.0,34
189,498.0,34
189,499.0,34
189,500.0,34
189,501.0,34
189,502.0,34
189,503.0,34
189,504.0,34
189,505.0,34
189,506.0,34
189,507.0,34
189,508.0,34
189,509.0,34
189,510.0,34
189,511.0,34
189,512.0,34
189,513.0,34
189,514.0,34
189,515.0,34
189,516.0,34
189,517.0,34
189,518.0,34
189,519.0,34
189,520.0,34
189,521.0,34
189,522.0,34
189,523.0,34
189,524.0,34
189,525.0,34
189,526.0,34
189,527.0,34
189,528.0,34
189,529.0,34
189,530.0,34
189,531.0,34
189,532.0,34
189,533.0,34
189,534.0,34
189,535.0,34
189,536.0,34
189,537.0,34
189,538.0,34
189,539.0,34
189,540.0,34
189,541.0,34
189,542.0,34
189,543.0,34
189,544.0,34
189,545.0,34
189,546.0,34
189,547.0,34
189,548.0,34
189,549.0,34
189,550.0,34
189,551.0,34
189,552.0,34
189,553.0,34
189,554.0,34
189,555.0,34
189,556.0,34
189,557.0,34
189,558.0,34
189,559.0,34
189,560.0,34
189,561.0,34
189,562.0,34
189,563.0,34
189,564.0,34
189,565.0,34
189,566.0,34
189,567.0,34
189,568.0,34
189,569.0,34
189,570.0,34
189,571.0,34
189,572.0,34
189,573.0,34
189,574.0,34
189,575.0,34
189,576.0,34
189,577.0,34
189,578.0,34
189,579.0,34
189,580.0,34
189,581.0,34
189,582.0,34
189,583.0,34
189,584.0,34
189,585.0,34
189,586.0,34
189,587.0,34
189,588.0,34
189,589.0,34
189,590.0,34
189,591.0,34
189,592.0,34
189,593.0,34
189,594.0,34
189,595.0,34
189,596.0,34
189,597.0,34
189,598.0,34
189,599.0,34
189,600.0,34
189,601.0,34
189,602.0,34
189,603.0,34
189,604.0,34
189,605.0,34
189,606.0,34
189,607.0,34
189,608.0,34
189,609.0,34
189,610.0,34
189,611.0,34
189,612.0,34
189,613.0,34
189,614.0,34
189,615.0,34
189,616.0,34
189,617.0,34
189,618.0,34
189,619.0,34
189,620.0,34
189,621.0,34
189,622.0,34
189,623.0,34
189,624.0,34
189,625.0,34
189,626.0,34
189,627.0,34
189,628.0,34
189,629.0,34
189,630.0,34
189,631.0,34
189,632.0,34
189,633.0,34
189,634.0,34
189,635.0,34
189,636.0,34
189,637.0,34
189,638.0,34
189,639.0,34
189,640.0,34
189,641.0,34
189,642.0,34
189,643.0,34
189,644.0,34
189,645.0,34
189,646.0,34
189,647.0,34
189,648.0,34
189,649.0,34
189,650.0,34
189,651.0,34
189,652.0,34
189,653.0,34
189,654.0,34
189,655.0,34
189,656.0,34
189,657.0,34
189,658.0,34
189,659.0,34
189,660.0,34
189,661.0,34
189,662.0,34
189,663.0,34
189,664.0,34
189,665.0,34
189,666.0,34
189,667.0,34
189,668.0,34
189,669.0,34
189,670.0,34
189,671.0,34
189,672.0,34
189,673.0,34
189,674.0,34
189,675.0,34
189,676.0,34
189,677.0,34
189,678.0,34
189,679.0,34
189,680.0,34
189,681.0,34
189,682.0,34
189,683.0,34
189,684.0,34
189,685.0,34
189,686.0,34
189,687.0,34
189,688.0,34
189,689.0,34
189,690.0,34
189,691.0,34
189,692.0,34
189,693.0,34
189,694.0,34
189,695.0,34
189,696.0,34
189,697.0,34
189,698.0,34
189,699.0,34
189,700.0,34
189,701.0,34
189,702.0,34
189,703.0,34
189,704.0,34
189,705.0,34
189,706.0,34
189,707.0,34
189,708.0,34
189,709.0,34
189,710.0,34
189,711.0,34
189,712.0,34
189,713.0,34
189,714.0,34
189,715.0,34
189,716.0,34
189,717.0,34
189,718.0,34
189,719.0,34
189,720.0,34
189,721.0,34
189,722.0,34
189,723.0,34
189,724.0,34
189,725.0,34
189,726.0,34
189,727.0,34
189,728.0,34
189,729.0,34
189,730.0,34
189,731.0,34
189,732.0,34
189,733.0,34
189,734.0,34
189,735.0,34
189,736.0,34
189,737.0,34
189,738.0,34
189,739.0,34
189,740.0,34
189,741.0,34
189,742.0,34
189,743.0,34
189,744.0,34
189,745.0,34
189,746.0,34
189,747.0,34
189,748.0,34
189,749.0,34
189,750.0,34
189,751.0,34
189,752.0,34
189,753.0,34
189,754.0,34
189,755.0,34
189,756.0,34
189,757.0,34
189,758.0,34
189,759.0,34
189,760.0,34
189,761.0,34
189,762.0,34
189,763.0,34
189,764.0,34
189,765.0,34
189,766.0,34
189,767.0,34
189,768.0,34
189,769.0,34
189,770.0,34
189,771.0,34
189,772.0,34
189,773.0,34
189,774.0,34
189,775.0,34
189,776.0,34
189,777.0,34
189,778.0,34
189,779.0,34
189,780.0,34
189,781.0,34
189,782.0,34
189,783.0,34
189,784.0,34
189,785.0,34
189,786.0,34
189,787.0,34
189,788.0,34
189,789.0,34
189,790.0,34
189,791.0,34
189,792.0,34
189,793.0,34
189,794.0,34
189,795.0,34
189,796.0,34
189,797.0,34
189,798.0,34
189,799.0,34
189,800.0,34
189,801.0,34
189,802.0,34
189,803.0,34
189,804.0,34
189,805.0,34
189,806.0,34
189,807.0,34
189,808.0,34
189,809.0,34
189,810.0,34
189,811.0,34
189,812.0,34
189,813.0,34
189,814.0,34
189,815.0,34
189,816.0,34
189,817.0,34
189,818.0,34
189,819.0,34
189,820.0,34
189,821.0,34
189,822.0,34
189,823.0,34
189,824.0,34
189,825.0,34
189,826.0,34
189,827.0,34
189,828.0,34
189,829.0,34
189,830.0,34
189,831.0,34
189,832.0,34
189,833.0,34
189,834.0,34
189,835.0,34
189,836.0,34
189,837.0,34
189,838.0,34
189,839.0,34
189,840.0,34
189,841.0,34
189,842.0,34
189,843.0,34
189,844.0,34
189,845.0,34
189,846.0,34
189,847.0,34
189,848.0,34
189,849.0,34
189,850.0,34
189,851.0,34
189,852.0,34
189,853.0,34
189,854.0,34
189,855.0,34
189,856.0,34
189,857.0,34
189,858.0,34
189,859.0,34
189,860.0,34
189,861.0,34
189,862.0,34
189,863.0,34
189,864.0,34
189,865.0,34
189,866.0,34
189,867.0,34
189,868.0,34
189,869.0,34
189,870.0,34
189,871.0,34
189,872.0,34
189,873.0,34
189,874.0,34
189,875.0,34
189,876.0,34
189,877.0,34
189,878.0,34
189,879.0,34
189,880.0,34
189,881.0,34
189,882.0,34
189,883.0,34
189,884.0,34
189,885.0,34
189,886.0,34
189,887.0,34
189,888.0,34
189,889.0,34
189,890.0,34
189,891.0,34
189,892.0,34
189,893.0,34
189,894.0,34
189,895.0,34
189,896.0,34
189,897.0,34
189,898.0,34
189,899.0,34
189,900.0,34
189,901.0,34
189,902.0,34
189,903.0,34
189,904.0,34
189,905.0,34
189,906.0,34
189,907.0,34
189,908.0,34
189,909.0,34
189,910.0,34
189,911.0,34
189,912.0,34
189,913.0,34
189,914.0,34
189,915.0,34
189,916.0,34
189,917.0,34
189,918.0,34
189,919.0,34
189,920.0,34
189,921.0,34
189,922.0,34
189,923.0,34
189,924.0,34
189,925.0,34
189,926.0,34
189,927.0,34
189,928.0,34
189,929.0,34
189,930.0,34
189,931.0,34
189,932.0,34
189,933.0,34
189,934.0,34
189,935.0,34
189,936.0,34
189,937.0,34
189,938.0,34
189,939.0,34
189,940.0,34
189,941.0,34
189,942.0,34
189,943.0,34
189,944.0,34
189,945.0,34
189,946.0,34
189,947.0,34
189,948.0,34
189,949.0,34
189,950.0,34
189,951.0,34
189,952.0,34
189,953.0,34
189,954.0,34
189,955.0,34
189,956.0,34
189,957.0,34
189,958.0,34
189,959.0,34
189,960.0,34
189,961.0,34
189,962.0,34
189,963.0,34
189,964.0,34
189,965.0,34
189,966.0,34
189,967.0,34
189,968.0,34
189,969.0,34
189,970.0,34
189,971.0,34
189,972.0,34
189,973.0,34
189,974.0,34
189,975.0,34
189,976.0,34
189,977.0,34
189,978.0,34
189,979.0,34
189,980.0,34
189,981.0,34
189,982.0,34
189,983.0,34
189,984.0,34
189,985.0,34
189,986.0,34
189,987.0,34
189,988.0,34
189,989.0,34
189,990.0,34
189,991.0,34
189,992.0,34
189,993.0,34
189,994.0,34
189,995.0,34
189,996.0,34
189,997.0,34
189,998.0,34
189,999.0,34
189,1000.0,34
189,1001.0,34
189,1002.0,34
189,1003.0,34
189,1004.0,34
189,1005.0,34
189,1006.0,34
189,1007.0,34
189,1008.0,34
189,1009.0,34
189,1010.0,34
189,1011.0,34
189,1012.0,34
189,1013.0,34
189,1014.0,34
189,1015.0,34
189,1016.0,34
189,1017.0,34
189,1018.0,34
189,1019.0,34
189,1020.0,34
189,1021.0,34
189,1022.0,34
189,1023.0,34
189,1024.0,34
189,1025.0,34
189,1026.0,34
189,1027.0,34
189,1028.0,34
189,1029.0,34
189,1030.0,34
189,1031.0,34
189,1032.0,34
189,1033.0,34
189,1034.0,34
189,1035.0,34
189,1036.0,34
189,1037.0,34
189,1038.0,34
189,1039.0,34
189,1040.0,34
189,1041.0,34
189,1042.0,34
189,1043.0,34
189,1044.0,34
189,1045.0,34
189,1046.0,34
189,1047.0,34
189,1048.0,34
189,1049.0,34
189,1050.0,34
189,1051.0,34
189,1052.0,34
189,1053.0,34
189,1054.0,34
189,1055.0,34
189,1056.0,34
189,1057.0,34
189,1058.0,34
189,1059.0,34
189,1060.0,34
189,1061.0,34
189,1062.0,34
189,1063.0,34
189,1064.0,34
189,1065.0,34
189,1066.0,34
189,1067.0,34
189,1068.0,34
189,1069.0,34
189,1070.0,34
189,1071.0,34
189,1072.0,34
189,1073.0,34
189,1074.0,34
189,1075.0,34
189,1076.0,34
189,1077.0,34
189,1078.0,34
189,1079.0,34
189,1080.0,34
189,1081.0,34
189,1082.0,34
189,1083.0,34
189,1084.0,34
189,1085.0,34
189,1086.0,34
189,1087.0,34
189,1088.0,34
189,1089.0,34
189,1090.0,34
189,1091.0,34
189,1092.0,34
189,1093.0,34
189,1094.0,34
189,1095.0,34
189,1096.0,34
189,1097.0,34
189,1098.0,34
189,1099.0,34
189,1100.0,34
189,1101.0,34
189,1102.0,34
189,1103.0,34
189,1104.0,34
189,1105.0,34
189,1106.0,34
189,1107.0,34
189,1108.0,34
189,1109.0,34
189,1110.0,34
189,1111.0,34
189,1112.0,34
189,1113.0,34
189,1114.0,34
189,1115.0,34
189,1116.0,34
189,1117.0,34
189,1118.0,34
189,1119.0,34
189,1120.0,34
189,1121.0,34
189,1122.0,34
189,1123.0,34
189,1124.0,34
189,1125.0,34
189,1126.0,34
189,1127.0,34
189,1128.0,34
189,1129.0,34
189,1130.0,34
189,1131.0,34
189,1132.0,34
189,1133.0,34
189,1134.0,34
189,1135.0,34
189,1136.0,34
189,1137.0,34
189,1138.0,34
189,1139.0,34
189,1140.0,34
189,1141.0,34
189,1142.0,34
189,1143.0,34
189,1144.0,34
189,1145.0,34
189,1146.0,34
189,1147.0,34
189,1148.0,34
189,1149.0,34
189,1150.0,34
189,1151.0,34
189,1152.0,34
189,1153.0,34
189,1154.0,34
189,1155.0,34
189,1156.0,34
189,1157.0,34
189,1158.0,34
189,1159.0,34
189,1160.0,34
189,1161.0,34
189,1162.0,34
189,1163.0,34
189,1164.0,34
189,1165.0,34
189,1166.0,34
189,1167.0,34
189,1168.0,34
189,1169.0,34
189,1170.0,34
189,1171.0,34
189,1172.0,34
189,1173.0,34
189,1174.0,34
189,1175.0,34
189,1176.0,34
189,1177.0,34
189,1178.0,34
189,1179.0,34
189,1180.0,34
189,1181.0,34
189,1182.0,34
189,1183.0,34
189,1184.0,34
189,1185.0,34
189,1186.0,34
189,1187.0,34
189,1188.0,34
189,1189.0,34
189,1190.0,34
189,1191.0,34
189,1192.0,34
189,1193.0,34
189,1194.0,34
189,1195.0,34
189,1196.0,34
189,1197.0,34
189,1198.0,34
189,1199.0,34
189,1200.0,34
189,1201.0,34
189,1202.0,34
189,1203.0,34
189,1204.0,34
189,1205.0,34
189,1206.0,34
189,1207.0,34
189,1208.0,34
189,1209.0,34
189,1210.0,34
189,1211.0,34
189,1212.0,34
189,1213.0,34
189,1214.0,34
189,1215.0,34
189,1216.0,34
189,1217.0,34
189,1218.0,34
189,1219.0,34
189,1220.0,34
189,1221.0,34
189,1222.0,34
189,1223.0,34
189,1224.0,34
189,1225.0,34
189,1226.0,34
