"Steps taken by first ant","Time","Steps taken bt present ant"
0,1.0,0
0,2.0,0
0,3.0,0
0,4.0,0
0,5.0,0
0,6.0,0
0,7.0,0
0,8.0,0
0,9.0,0
0,10.0,0
0,11.0,0
0,12.0,0
0,13.0,0
0,14.0,0
0,15.0,0
0,16.0,0
0,17.0,0
0,18.0,0
0,19.0,0
0,20.0,0
0,21.0,0
0,22.0,0
0,23.0,0
0,24.0,0
0,25.0,0
0,26.0,0
0,27.0,0
0,28.0,0
0,29.0,0
0,30.0,0
0,31.0,0
0,32.0,0
0,33.0,0
0,34.0,0
0,35.0,0
0,36.0,0
0,37.0,0
0,38.0,0
0,39.0,0
0,40.0,0
0,41.0,0
0,42.0,0
0,43.0,0
0,44.0,0
0,45.0,0
0,46.0,0
0,47.0,0
0,48.0,0
0,49.0,0
0,50.0,0
0,51.0,0
0,52.0,0
0,53.0,0
0,54.0,0
0,55.0,0
0,56.0,0
0,57.0,0
0,58.0,0
0,59.0,0
0,60.0,0
0,61.0,0
0,62.0,0
0,63.0,0
0,64.0,0
0,65.0,0
0,66.0,0
0,67.0,0
0,68.0,0
0,69.0,0
0,70.0,0
0,71.0,0
0,72.0,0
0,73.0,0
0,74.0,0
0,75.0,0
0,76.0,0
0,77.0,0
0,78.0,0
0,79.0,0
0,80.0,0
0,81.0,0
0,82.0,0
0,83.0,0
0,84.0,0
0,85.0,0
0,86.0,0
0,87.0,0
0,88.0,0
0,89.0,0
0,90.0,0
0,91.0,0
0,92.0,0
0,93.0,0
0,94.0,0
0,95.0,0
0,96.0,0
0,97.0,0
0,98.0,0
0,99.0,0
0,100.0,0
0,101.0,0
0,102.0,0
0,103.0,0
0,104.0,0
0,105.0,0
0,106.0,0
0,107.0,0
0,108.0,0
0,109.0,0
0,110.0,0
0,111.0,0
0,112.0,0
0,113.0,0
0,114.0,0
0,115.0,0
0,116.0,0
0,117.0,0
0,118.0,0
0,119.0,0
0,120.0,0
0,121.0,0
0,122.0,0
0,123.0,0
0,124.0,0
0,125.0,0
0,126.0,0
0,127.0,0
0,128.0,0
0,129.0,0
0,130.0,0
0,131.0,0
0,132.0,0
0,133.0,0
0,134.0,0
0,135.0,0
0,136.0,0
0,137.0,0
0,138.0,0
0,139.0,0
0,140.0,0
0,141.0,0
0,142.0,0
0,143.0,0
0,144.0,0
0,145.0,0
0,146.0,0
0,147.0,0
0,148.0,0
0,149.0,0
0,150.0,0
0,151.0,0
0,152.0,0
0,153.0,0
0,154.0,0
0,155.0,0
0,156.0,0
0,157.0,0
0,158.0,0
0,159.0,0
0,160.0,0
0,161.0,0
0,162.0,0
0,163.0,0
0,164.0,0
0,165.0,0
0,166.0,0
0,167.0,0
0,168.0,0
0,169.0,0
0,170.0,0
0,171.0,0
0,172.0,0
0,173.0,0
0,174.0,0
0,175.0,0
0,176.0,0
0,177.0,0
0,178.0,0
0,179.0,0
0,180.0,0
0,181.0,0
0,182.0,0
0,183.0,0
0,184.0,0
0,185.0,0
0,186.0,0
0,187.0,0
0,188.0,0
0,189.0,0
0,190.0,0
0,191.0,0
0,192.0,0
0,193.0,0
0,194.0,0
0,195.0,0
0,196.0,0
0,197.0,0
0,198.0,0
0,199.0,0
0,200.0,0
0,201.0,0
0,202.0,0
0,203.0,0
0,204.0,0
0,205.0,0
0,206.0,0
0,207.0,0
0,208.0,0
0,209.0,0
0,210.0,0
0,211.0,0
0,212.0,0
0,213.0,0
0,214.0,0
0,215.0,0
0,216.0,0
0,217.0,0
0,218.0,0
0,219.0,0
0,220.0,0
0,221.0,0
0,222.0,0
0,223.0,0
0,224.0,0
0,225.0,0
0,226.0,0
0,227.0,0
0,228.0,0
0,229.0,0
0,230.0,0
0,231.0,0
0,232.0,0
0,233.0,0
0,234.0,0
0,235.0,0
0,236.0,0
0,237.0,0
0,238.0,0
0,239.0,0
0,240.0,0
0,241.0,0
0,242.0,0
0,243.0,0
0,244.0,0
0,245.0,0
0,246.0,0
0,247.0,0
0,248.0,0
0,249.0,0
0,250.0,0
0,251.0,0
0,252.0,0
0,253.0,0
0,254.0,0
0,255.0,0
0,256.0,0
0,257.0,0
0,258.0,0
0,259.0,0
0,260.0,0
0,261.0,0
0,262.0,0
0,263.0,0
0,264.0,0
0,265.0,0
0,266.0,0
0,267.0,0
0,268.0,0
0,269.0,0
0,270.0,0
0,271.0,0
0,272.0,0
0,273.0,0
0,274.0,0
0,275.0,0
0,276.0,0
0,277.0,0
0,278.0,0
0,279.0,0
0,280.0,0
0,281.0,0
0,282.0,0
0,283.0,0
0,284.0,0
0,285.0,0
0,286.0,0
0,287.0,0
0,288.0,0
0,289.0,0
0,290.0,0
0,291.0,0
0,292.0,0
0,293.0,0
0,294.0,0
0,295.0,0
0,296.0,0
0,297.0,0
0,298.0,0
0,299.0,0
0,300.0,0
0,301.0,0
0,302.0,0
0,303.0,0
0,304.0,0
0,305.0,0
0,306.0,0
0,307.0,0
0,308.0,0
0,309.0,0
0,310.0,0
0,311.0,0
0,312.0,0
0,313.0,0
0,314.0,0
0,315.0,0
0,316.0,0
0,317.0,0
0,318.0,0
0,319.0,0
0,320.0,0
0,321.0,0
0,322.0,0
0,323.0,0
0,324.0,0
0,325.0,0
0,326.0,0
0,327.0,0
0,328.0,0
0,329.0,0
0,330.0,0
0,331.0,0
0,332.0,0
0,333.0,0
0,334.0,0
0,335.0,0
0,336.0,0
0,337.0,0
0,338.0,0
0,339.0,0
0,340.0,0
0,341.0,0
0,342.0,0
0,343.0,0
0,344.0,0
0,345.0,0
0,346.0,0
0,347.0,0
0,348.0,0
0,349.0,0
0,350.0,0
0,351.0,0
0,352.0,0
0,353.0,0
0,354.0,0
0,355.0,0
0,356.0,0
0,357.0,0
0,358.0,0
0,359.0,0
0,360.0,0
0,361.0,0
0,362.0,0
0,363.0,0
0,364.0,0
0,365.0,0
0,366.0,0
0,367.0,0
0,368.0,0
0,369.0,0
0,370.0,0
0,371.0,0
0,372.0,0
0,373.0,0
0,374.0,0
0,375.0,0
0,376.0,0
0,377.0,0
0,378.0,0
0,379.0,0
0,380.0,0
0,381.0,0
0,382.0,0
0,383.0,0
0,384.0,0
0,385.0,0
0,386.0,0
0,387.0,0
0,388.0,0
0,389.0,0
0,390.0,0
0,391.0,0
0,392.0,0
0,393.0,0
0,394.0,0
0,395.0,0
0,396.0,0
0,397.0,0
0,398.0,0
0,399.0,0
0,400.0,0
0,401.0,0
0,402.0,0
0,403.0,0
0,404.0,0
0,405.0,0
0,406.0,0
0,407.0,0
0,408.0,0
0,409.0,0
0,410.0,0
0,411.0,0
0,412.0,0
0,413.0,0
0,414.0,0
0,415.0,0
0,416.0,0
0,417.0,0
0,418.0,0
0,419.0,0
0,420.0,0
0,421.0,0
0,422.0,0
0,423.0,0
0,424.0,0
0,425.0,0
0,426.0,0
0,427.0,0
0,428.0,0
0,429.0,0
0,430.0,0
0,431.0,0
0,432.0,0
0,433.0,0
0,434.0,0
0,435.0,0
0,436.0,0
0,437.0,0
0,438.0,0
0,439.0,0
0,440.0,0
0,441.0,0
0,442.0,0
0,443.0,0
0,444.0,0
0,445.0,0
0,446.0,0
0,447.0,0
0,448.0,0
0,449.0,0
0,450.0,0
0,451.0,0
0,452.0,0
0,453.0,0
0,454.0,0
0,455.0,0
0,456.0,0
0,457.0,0
0,458.0,0
0,459.0,0
0,460.0,0
0,461.0,0
0,462.0,0
0,463.0,0
0,464.0,0
0,465.0,0
0,466.0,0
0,467.0,0
0,468.0,0
0,469.0,0
0,470.0,0
0,471.0,0
0,472.0,0
0,473.0,0
0,474.0,0
0,475.0,0
0,476.0,0
0,477.0,0
0,478.0,0
0,479.0,0
0,480.0,0
0,481.0,0
0,482.0,0
0,483.0,0
0,484.0,0
0,485.0,0
0,486.0,0
0,487.0,0
0,488.0,0
0,489.0,0
0,490.0,0
0,491.0,0
0,492.0,0
0,493.0,0
0,494.0,0
0,495.0,0
0,496.0,0
0,497.0,0
0,498.0,0
0,499.0,0
0,500.0,0
0,501.0,0
0,502.0,0
0,503.0,0
0,504.0,0
0,505.0,0
0,506.0,0
0,507.0,0
0,508.0,0
0,509.0,0
0,510.0,0
0,511.0,0
0,512.0,0
0,513.0,0
0,514.0,0
0,515.0,0
0,516.0,0
0,517.0,0
0,518.0,0
0,519.0,0
0,520.0,0
0,521.0,0
0,522.0,0
0,523.0,0
0,524.0,0
0,525.0,0
0,526.0,0
0,527.0,0
0,528.0,0
0,529.0,0
0,530.0,0
0,531.0,0
0,532.0,0
0,533.0,0
0,534.0,0
0,535.0,0
0,536.0,0
0,537.0,0
0,538.0,0
0,539.0,0
0,540.0,0
0,541.0,0
0,542.0,0
0,543.0,0
0,544.0,0
0,545.0,0
0,546.0,0
0,547.0,0
0,548.0,0
0,549.0,0
0,550.0,0
0,551.0,0
0,552.0,0
0,553.0,0
0,554.0,0
0,555.0,0
0,556.0,0
0,557.0,0
0,558.0,0
0,559.0,0
0,560.0,0
0,561.0,0
0,562.0,0
0,563.0,0
0,564.0,0
0,565.0,0
0,566.0,0
0,567.0,0
0,568.0,0
0,569.0,0
0,570.0,0
0,571.0,0
0,572.0,0
0,573.0,0
0,574.0,0
0,575.0,0
0,576.0,0
0,577.0,0
0,578.0,0
0,579.0,0
0,580.0,0
0,581.0,0
0,582.0,0
0,583.0,0
0,584.0,0
0,585.0,0
0,586.0,0
0,587.0,0
0,588.0,0
0,589.0,0
0,590.0,0
0,591.0,0
0,592.0,0
0,593.0,0
0,594.0,0
0,595.0,0
0,596.0,0
0,597.0,0
0,0.0,0
0,1.0,0
0,2.0,0
0,3.0,0
0,4.0,0
0,5.0,0
0,6.0,0
0,7.0,0
0,8.0,0
0,9.0,0
0,10.0,0
0,11.0,0
0,12.0,0
0,13.0,0
0,14.0,0
0,15.0,0
0,16.0,0
0,17.0,0
0,18.0,0
0,19.0,0
0,20.0,0
0,21.0,0
0,22.0,0
0,23.0,0
0,24.0,0
0,25.0,0
0,26.0,0
0,27.0,0
0,28.0,0
0,29.0,0
0,30.0,0
0,31.0,0
0,32.0,0
0,33.0,0
0,34.0,0
0,35.0,0
0,36.0,0
0,37.0,0
0,38.0,0
0,39.0,0
0,40.0,0
0,41.0,0
0,42.0,0
0,43.0,0
0,44.0,0
0,45.0,0
0,46.0,0
0,47.0,0
0,48.0,0
0,49.0,0
0,50.0,0
0,51.0,0
0,52.0,0
0,53.0,0
0,54.0,54
54,55.0,52
54,56.0,51
54,57.0,50
54,58.0,48
54,59.0,47
54,60.0,45
54,61.0,45
54,62.0,45
54,63.0,44
54,64.0,42
54,65.0,41
54,66.0,40
54,67.0,38
54,68.0,36
54,69.0,36
54,70.0,32
54,71.0,32
54,72.0,32
54,73.0,32
54,74.0,32
54,75.0,32
54,76.0,32
54,77.0,32
54,78.0,32
54,79.0,32
54,80.0,32
54,81.0,32
54,82.0,32
54,83.0,32
54,84.0,32
54,85.0,32
54,86.0,32
54,87.0,32
54,88.0,32
54,89.0,32
54,90.0,32
54,91.0,32
54,92.0,32
54,93.0,32
54,94.0,32
54,95.0,32
54,96.0,32
54,97.0,32
54,98.0,32
54,99.0,32
54,100.0,32
54,101.0,32
54,102.0,32
54,103.0,32
54,104.0,32
54,105.0,32
54,106.0,32
54,107.0,32
54,108.0,32
54,109.0,32
54,110.0,32
54,111.0,32
54,112.0,32
54,113.0,32
54,114.0,32
54,115.0,32
54,116.0,32
54,117.0,32
54,118.0,32
54,119.0,32
54,120.0,32
54,121.0,32
54,122.0,32
54,123.0,32
54,124.0,32
54,125.0,32
54,126.0,32
54,127.0,32
54,128.0,32
54,129.0,32
54,130.0,32
54,131.0,32
54,132.0,32
54,133.0,32
54,134.0,32
54,135.0,32
54,136.0,32
54,137.0,32
54,138.0,32
54,139.0,32
54,140.0,32
54,141.0,32
54,142.0,32
54,143.0,32
54,144.0,32
54,145.0,32
54,146.0,32
54,147.0,32
54,148.0,32
54,149.0,32
54,150.0,32
54,151.0,32
54,152.0,32
54,153.0,32
54,154.0,32
54,155.0,32
54,156.0,32
54,157.0,32
54,158.0,32
54,159.0,32
54,160.0,32
54,161.0,32
54,162.0,32
54,163.0,32
54,164.0,32
54,165.0,32
54,166.0,32
54,167.0,32
54,168.0,32
54,169.0,32
54,170.0,32
54,171.0,32
54,172.0,32
54,173.0,32
54,174.0,32
54,175.0,32
54,176.0,32
54,177.0,32
54,178.0,32
54,179.0,32
54,180.0,32
54,181.0,32
54,182.0,32
54,183.0,32
54,184.0,32
54,185.0,32
54,186.0,32
54,187.0,32
54,188.0,32
54,189.0,32
54,190.0,32
54,191.0,32
54,192.0,32
54,193.0,32
54,194.0,32
54,195.0,32
54,196.0,32
54,197.0,32
54,198.0,32
54,199.0,32
54,200.0,32
54,201.0,32
54,202.0,32
54,203.0,32
54,204.0,32
54,205.0,32
54,206.0,32
54,207.0,32
54,208.0,32
54,209.0,32
54,210.0,32
54,211.0,32
54,212.0,32
54,213.0,32
54,214.0,32
54,215.0,32
54,216.0,32
54,217.0,32
54,218.0,32
54,219.0,32
54,220.0,32
54,221.0,32
54,222.0,32
54,223.0,32
54,224.0,32
54,225.0,32
54,226.0,32
54,227.0,32
54,228.0,32
54,229.0,32
54,230.0,32
54,231.0,32
54,232.0,32
54,233.0,32
54,234.0,32
54,235.0,32
54,236.0,32
54,237.0,32
54,238.0,32
54,239.0,32
54,240.0,32
54,241.0,32
54,242.0,32
54,243.0,32
54,244.0,32
54,245.0,32
54,246.0,32
54,247.0,32
54,248.0,32
54,249.0,32
54,250.0,32
54,251.0,32
54,252.0,32
54,253.0,32
54,254.0,32
54,255.0,32
54,256.0,32
54,257.0,32
54,258.0,32
54,259.0,32
54,260.0,32
54,261.0,32
54,262.0,32
54,263.0,32
54,264.0,32
54,265.0,32
54,266.0,32
54,267.0,32
54,268.0,32
54,269.0,32
54,270.0,32
54,271.0,32
54,272.0,32
54,273.0,32
54,274.0,32
54,275.0,32
54,276.0,32
54,277.0,32
54,278.0,32
54,279.0,32
54,280.0,32
54,281.0,32
54,282.0,32
54,283.0,32
54,284.0,32
54,285.0,32
54,286.0,32
54,287.0,32
54,288.0,32
54,289.0,32
54,290.0,32
54,291.0,32
54,292.0,32
54,293.0,32
54,294.0,32
54,295.0,32
54,296.0,32
54,297.0,32
54,298.0,32
54,299.0,32
54,300.0,32
54,301.0,32
54,302.0,32
54,303.0,32
54,304.0,32
54,305.0,32
54,306.0,32
54,307.0,32
54,308.0,32
54,309.0,32
54,310.0,32
54,311.0,32
54,312.0,32
54,313.0,32
54,314.0,32
54,315.0,32
54,316.0,32
54,317.0,32
54,318.0,32
54,319.0,32
54,320.0,32
54,321.0,32
54,322.0,32
54,323.0,32
54,324.0,32
54,325.0,32
54,326.0,32
54,327.0,32
54,328.0,32
54,329.0,32
54,330.0,32
54,331.0,32
54,332.0,32
54,333.0,32
54,334.0,32
54,335.0,32
54,336.0,32
54,337.0,32
54,338.0,32
54,339.0,32
54,340.0,32
54,341.0,32
54,342.0,32
54,343.0,32
54,344.0,32
54,345.0,32
54,346.0,32
54,347.0,32
54,348.0,32
54,349.0,32
54,350.0,32
54,351.0,32
54,352.0,32
54,353.0,32
54,354.0,32
54,355.0,32
54,356.0,32
54,357.0,32
54,358.0,32
54,359.0,32
54,360.0,32
54,361.0,32
54,362.0,32
54,363.0,32
54,364.0,32
54,365.0,32
54,366.0,32
54,367.0,32
54,368.0,32
54,369.0,32
54,370.0,32
54,371.0,32
54,372.0,32
54,373.0,32
54,374.0,32
54,375.0,32
54,376.0,32
54,377.0,32
54,378.0,32
54,379.0,32
54,380.0,32
54,381.0,32
54,382.0,32
54,383.0,32
54,384.0,32
54,385.0,32
54,386.0,32
54,387.0,32
54,388.0,32
54,389.0,32
54,390.0,32
54,391.0,32
54,392.0,32
54,393.0,32
54,394.0,32
54,395.0,32
54,396.0,32
54,397.0,32
54,398.0,32
54,399.0,32
54,400.0,32
54,401.0,32
54,402.0,32
54,403.0,32
54,404.0,32
54,405.0,32
54,406.0,32
54,407.0,32
54,408.0,32
54,409.0,32
54,410.0,32
54,411.0,32
54,412.0,32
54,413.0,32
54,414.0,32
54,415.0,32
54,416.0,32
54,417.0,32
54,418.0,32
54,419.0,32
54,420.0,32
54,421.0,32
54,422.0,32
54,423.0,32
54,424.0,32
54,425.0,32
54,426.0,32
54,427.0,32
54,428.0,32
54,429.0,32
54,430.0,32
54,431.0,32
54,432.0,32
54,433.0,32
54,434.0,32
54,435.0,32
54,436.0,32
54,437.0,32
54,438.0,32
54,439.0,32
54,440.0,32
54,441.0,32
54,442.0,32
54,443.0,32
54,444.0,32
54,445.0,32
54,446.0,32
54,447.0,32
54,448.0,32
54,449.0,32
54,450.0,32
54,451.0,32
54,452.0,32
54,453.0,32
54,454.0,32
54,455.0,32
54,456.0,32
54,457.0,32
54,458.0,32
54,459.0,32
54,460.0,32
54,461.0,32
54,462.0,32
54,463.0,32
54,464.0,32
54,465.0,32
54,466.0,32
54,467.0,32
54,468.0,32
54,469.0,32
54,470.0,32
54,471.0,32
54,472.0,32
54,473.0,32
54,474.0,32
54,475.0,32
54,476.0,32
54,477.0,32
54,478.0,32
54,479.0,32
54,480.0,32
54,481.0,32
54,482.0,32
54,483.0,32
54,484.0,32
54,485.0,32
54,486.0,32
54,487.0,32
54,488.0,32
54,489.0,32
54,490.0,32
54,491.0,32
54,492.0,32
54,493.0,32
54,494.0,32
54,495.0,32
54,496.0,32
54,497.0,32
54,498.0,32
54,499.0,32
54,500.0,32
54,501.0,32
54,502.0,32
54,503.0,32
54,504.0,32
54,505.0,32
54,506.0,32
54,507.0,32
54,508.0,32
54,509.0,32
54,510.0,32
54,511.0,32
54,512.0,32
54,513.0,32
54,514.0,32
54,515.0,32
54,516.0,32
54,517.0,32
54,518.0,32
54,519.0,32
54,520.0,32
54,521.0,32
54,522.0,32
54,523.0,32
54,524.0,32
54,525.0,32
54,526.0,32
54,527.0,32
54,528.0,32
54,529.0,32
54,530.0,32
54,531.0,32
54,532.0,32
54,533.0,32
54,534.0,32
54,535.0,32
54,536.0,32
54,537.0,32
54,538.0,32
54,539.0,32
54,540.0,32
54,541.0,32
54,542.0,32
54,543.0,32
54,544.0,32
54,545.0,32
54,546.0,32
54,547.0,32
54,548.0,32
54,549.0,32
54,550.0,32
54,551.0,32
54,552.0,32
54,553.0,32
54,554.0,32
54,555.0,32
54,556.0,32
54,557.0,32
54,558.0,32
54,559.0,32
54,560.0,32
54,561.0,32
54,562.0,32
54,563.0,32
54,564.0,32
54,565.0,32
54,566.0,32
54,567.0,32
54,568.0,32
54,569.0,32
54,570.0,32
54,571.0,32
54,572.0,32
54,573.0,32
54,574.0,32
54,575.0,32
54,576.0,32
54,577.0,32
54,578.0,32
54,579.0,32
54,580.0,32
54,581.0,32
54,582.0,32
54,583.0,32
54,584.0,32
54,585.0,32
54,586.0,32
54,587.0,32
54,588.0,32
54,589.0,32
54,590.0,32
54,591.0,32
54,592.0,32
54,593.0,32
54,594.0,32
54,595.0,32
54,596.0,32
54,597.0,32
54,598.0,32
54,599.0,32
54,600.0,32
54,601.0,32
54,602.0,32
54,603.0,32
54,604.0,32
54,605.0,32
54,606.0,32
54,607.0,32
54,608.0,32
54,609.0,32
54,610.0,32
54,611.0,32
54,612.0,32
54,613.0,32
54,614.0,32
54,615.0,32
54,616.0,32
54,617.0,32
54,618.0,32
54,619.0,32
54,620.0,32
54,621.0,32
54,622.0,32
54,623.0,32
54,624.0,32
54,625.0,32
54,626.0,32
54,627.0,32
54,628.0,32
54,629.0,32
54,630.0,32
54,631.0,32
54,632.0,32
54,633.0,32
54,634.0,32
54,635.0,32
54,636.0,32
54,637.0,32
54,638.0,32
54,639.0,32
54,640.0,32
54,641.0,32
54,642.0,32
54,643.0,32
54,644.0,32
54,645.0,32
54,646.0,32
54,647.0,32
54,648.0,32
54,649.0,32
54,650.0,32
54,651.0,32
54,652.0,32
54,653.0,32
54,654.0,32
54,655.0,32
54,656.0,32
54,657.0,32
54,658.0,32
54,659.0,32
54,660.0,32
54,661.0,32
54,662.0,32
54,663.0,32
54,664.0,32
54,665.0,32
54,666.0,32
54,667.0,32
54,668.0,32
54,669.0,32
54,670.0,32
54,671.0,32
54,672.0,32
54,673.0,32
54,674.0,32
54,675.0,32
54,676.0,32
54,677.0,32
54,678.0,32
54,679.0,32
54,680.0,32
54,681.0,32
54,682.0,32
54,683.0,32
54,684.0,32
54,685.0,32
54,686.0,32
54,687.0,32
54,688.0,32
54,689.0,32
54,690.0,32
54,691.0,32
54,692.0,32
54,693.0,32
54,694.0,32
54,695.0,32
54,696.0,32
54,697.0,32
54,698.0,32
54,699.0,32
54,700.0,32
54,701.0,32
54,702.0,32
54,703.0,32
54,704.0,32
54,705.0,32
54,706.0,32
54,707.0,32
54,708.0,32
54,709.0,32
54,710.0,32
54,711.0,32
54,712.0,32
54,713.0,32
54,714.0,32
54,715.0,32
54,716.0,32
54,717.0,32
54,718.0,32
54,719.0,32
54,720.0,32
54,721.0,32
54,722.0,32
54,723.0,32
54,724.0,32
54,725.0,32
54,726.0,32
54,727.0,32
54,728.0,32
54,729.0,32
54,730.0,32
54,731.0,32
54,732.0,32
54,733.0,32
54,734.0,32
54,735.0,32
54,736.0,32
54,737.0,32
54,738.0,32
54,739.0,32
54,740.0,32
54,741.0,32
54,742.0,32
54,743.0,32
54,744.0,32
54,745.0,32
54,746.0,32
54,747.0,32
54,748.0,32
54,749.0,32
54,750.0,32
54,751.0,32
54,752.0,32
54,753.0,32
54,754.0,32
54,755.0,32
54,756.0,32
54,757.0,32
54,758.0,32
54,759.0,32
54,760.0,32
54,761.0,32
54,762.0,32
54,763.0,32
54,764.0,32
54,765.0,32
54,766.0,32
54,767.0,32
54,768.0,32
54,769.0,32
54,770.0,32
54,771.0,32
54,772.0,32
54,773.0,32
54,774.0,32
54,775.0,32
54,776.0,32
54,777.0,32
54,778.0,32
54,779.0,32
54,780.0,32
54,781.0,32
54,782.0,32
54,783.0,32
54,784.0,32
54,785.0,32
54,786.0,32
54,787.0,32
54,788.0,32
54,789.0,32
54,790.0,32
54,791.0,32
54,792.0,32
54,793.0,32
54,794.0,32
54,795.0,32
54,796.0,32
54,797.0,32
54,798.0,32
54,799.0,32
54,800.0,32
54,801.0,32
54,802.0,32
54,803.0,32
54,804.0,32
54,805.0,32
54,806.0,32
54,807.0,32
54,808.0,32
54,809.0,32
54,810.0,32
54,811.0,32
54,812.0,32
54,813.0,32
54,814.0,32
54,815.0,32
54,816.0,32
54,817.0,32
54,818.0,32
54,819.0,32
54,820.0,32
54,821.0,32
54,822.0,32
54,823.0,32
54,824.0,32
54,825.0,32
54,826.0,32
54,827.0,32
54,828.0,32
54,829.0,32
54,830.0,32
54,831.0,32
54,832.0,32
54,833.0,32
54,834.0,32
54,835.0,32
54,836.0,32
54,837.0,32
54,838.0,32
54,839.0,32
54,840.0,32
54,841.0,32
54,842.0,32
54,843.0,32
54,844.0,32
54,845.0,32
54,846.0,32
54,847.0,32
54,848.0,32
54,849.0,32
54,850.0,32
54,851.0,32
54,852.0,32
54,853.0,32
54,854.0,32
54,855.0,32
54,856.0,32
54,857.0,32
54,858.0,32
54,859.0,32
54,860.0,32
54,861.0,32
54,862.0,32
54,863.0,32
54,864.0,32
54,865.0,32
54,866.0,32
54,867.0,32
54,868.0,32
54,869.0,32
54,870.0,32
54,871.0,32
54,872.0,32
54,873.0,32
54,874.0,32
54,875.0,32
54,876.0,32
54,877.0,32
54,878.0,32
54,879.0,32
54,880.0,32
54,881.0,32
54,882.0,32
54,883.0,32
54,884.0,32
54,885.0,32
54,886.0,32
54,887.0,32
54,888.0,32
54,889.0,32
54,890.0,32
54,891.0,32
54,892.0,32
54,893.0,32
54,894.0,32
54,895.0,32
54,896.0,32
54,897.0,32
54,898.0,32
54,899.0,32
54,900.0,32
54,901.0,32
54,902.0,32
54,903.0,32
54,904.0,32
54,905.0,32
54,906.0,32
54,907.0,32
54,908.0,32
54,909.0,32
54,910.0,32
54,911.0,32
54,912.0,32
54,913.0,32
54,914.0,32
54,915.0,32
54,916.0,32
54,917.0,32
54,918.0,32
54,919.0,32
54,920.0,32
54,921.0,32
54,922.0,32
54,923.0,32
54,924.0,32
54,925.0,32
54,926.0,32
54,927.0,32
54,928.0,32
54,929.0,32
54,930.0,32
54,931.0,32
54,932.0,32
54,933.0,32
54,934.0,32
54,935.0,32
54,936.0,32
54,937.0,32
54,938.0,32
54,939.0,32
54,940.0,32
54,941.0,32
54,942.0,32
54,943.0,32
54,944.0,32
54,945.0,32
54,946.0,32
54,947.0,32
54,948.0,32
54,949.0,32
54,950.0,32
54,951.0,32
54,952.0,32
54,953.0,32
54,954.0,32
54,955.0,32
54,956.0,32
54,957.0,32
54,958.0,32
54,959.0,32
54,960.0,32
54,961.0,32
54,962.0,32
54,963.0,32
54,964.0,32
54,965.0,32
54,966.0,32
54,967.0,32
54,968.0,32
54,969.0,32
54,970.0,32
54,971.0,32
54,972.0,32
54,973.0,32
54,974.0,32
54,975.0,32
54,976.0,32
54,977.0,32
54,978.0,32
54,979.0,32
54,980.0,32
54,981.0,32
54,982.0,32
54,983.0,32
54,984.0,32
54,985.0,32
54,986.0,32
54,987.0,32
54,988.0,32
54,989.0,32
54,990.0,32
54,991.0,32
54,992.0,32
54,993.0,32
54,994.0,32
54,995.0,32
54,996.0,32
54,997.0,32
54,998.0,32
54,999.0,32
54,1000.0,32
54,1001.0,32
54,1002.0,32
54,1003.0,32
54,1004.0,32
54,1005.0,32
54,1006.0,32
54,1007.0,32
54,1008.0,32
54,1009.0,32
54,1010.0,32
54,1011.0,32
54,1012.0,32
54,1013.0,32
54,1014.0,32
54,1015.0,32
54,1016.0,32
54,1017.0,32
54,1018.0,32
54,1019.0,32
54,1020.0,32
54,1021.0,32
54,1022.0,32
54,1023.0,32
54,1024.0,32
54,1025.0,32
54,1026.0,32
54,1027.0,32
54,1028.0,32
54,1029.0,32
54,1030.0,32
54,1031.0,32
54,1032.0,32
54,1033.0,32
54,1034.0,32
54,1035.0,32
54,1036.0,32
54,1037.0,32
54,1038.0,32
54,1039.0,32
54,1040.0,32
54,1041.0,32
54,1042.0,32
54,1043.0,32
54,1044.0,32
54,1045.0,32
54,1046.0,32
54,1047.0,32
54,1048.0,32
54,1049.0,32
54,1050.0,32
54,1051.0,32
54,1052.0,32
54,1053.0,32
54,1054.0,32
54,1055.0,32
54,1056.0,32
54,1057.0,32
54,1058.0,32
54,1059.0,32
54,1060.0,32
54,1061.0,32
54,1062.0,32
54,1063.0,32
54,1064.0,32
54,1065.0,32
54,1066.0,32
54,1067.0,32
54,1068.0,32
54,1069.0,32
54,1070.0,32
54,1071.0,32
54,1072.0,32
54,1073.0,32
54,1074.0,32
54,1075.0,32
54,1076.0,32
54,1077.0,32
54,1078.0,32
54,1079.0,32
54,1080.0,32
54,1081.0,32
54,1082.0,32
54,1083.0,32
54,1084.0,32
54,1085.0,32
54,1086.0,32
54,1087.0,32
54,1088.0,32
54,1089.0,32
54,1090.0,32
54,1091.0,32
54,1092.0,32
54,1093.0,32
54,1094.0,32
54,1095.0,32
54,1096.0,32
54,1097.0,32
54,1098.0,32
54,1099.0,32
54,1100.0,32
54,1101.0,32
54,1102.0,32
54,1103.0,32
54,1104.0,32
54,1105.0,32
54,1106.0,32
54,1107.0,32
54,1108.0,32
54,1109.0,32
54,1110.0,32
54,1111.0,32
54,1112.0,32
54,1113.0,32
54,1114.0,32
54,1115.0,32
54,1116.0,32
54,1117.0,32
54,1118.0,32
54,1119.0,32
54,1120.0,32
54,1121.0,32
54,1122.0,32
54,1123.0,32
54,1124.0,32
54,1125.0,32
54,1126.0,32
54,1127.0,32
54,1128.0,32
54,1129.0,32
54,1130.0,32
54,1131.0,32
54,1132.0,32
54,1133.0,32
54,1134.0,32
54,1135.0,32
54,1136.0,32
54,1137.0,32
54,1138.0,32
54,1139.0,32
54,1140.0,32
54,1141.0,32
54,1142.0,32
54,1143.0,32
54,1144.0,32
54,1145.0,32
54,1146.0,32
54,1147.0,32
54,1148.0,32
54,1149.0,32
54,1150.0,32
54,1151.0,32
54,1152.0,32
54,1153.0,32
54,1154.0,32
54,1155.0,32
54,1156.0,32
54,1157.0,32
54,1158.0,32
54,1159.0,32
54,1160.0,32
54,1161.0,32
54,1162.0,32
54,1163.0,32
54,1164.0,32
54,1165.0,32
54,1166.0,32
54,1167.0,32
54,1168.0,32
54,1169.0,32
54,1170.0,32
54,1171.0,32
54,1172.0,32
54,1173.0,32
54,1174.0,32
54,1175.0,32
54,1176.0,32
54,1177.0,32
54,1178.0,32
54,1179.0,32
54,1180.0,32
54,1181.0,32
54,1182.0,32
54,1183.0,32
54,1184.0,32
54,1185.0,32
54,1186.0,32
54,1187.0,32
54,1188.0,32
54,1189.0,32
54,1190.0,32
54,1191.0,32
54,1192.0,32
54,1193.0,32
54,1194.0,32
54,1195.0,32
54,1196.0,32
54,1197.0,32
54,1198.0,32
54,1199.0,32
54,1200.0,32
54,1201.0,32
54,1202.0,32
54,1203.0,32
54,1204.0,32
54,1205.0,32
54,1206.0,32
54,1207.0,32
54,1208.0,32
54,1209.0,32
54,1210.0,32
54,1211.0,32
54,1212.0,32
54,1213.0,32
54,1214.0,32
54,1215.0,32
54,1216.0,32
54,1217.0,32
54,1218.0,32
54,1219.0,32
54,1220.0,32
54,1221.0,32
54,1222.0,32
54,1223.0,32
54,1224.0,32
54,1225.0,32
54,1226.0,32
54,1227.0,32
54,1228.0,32
54,1229.0,32
54,1230.0,32
54,1231.0,32
54,1232.0,32
54,1233.0,32
54,1234.0,32
54,1235.0,32
54,1236.0,32
54,1237.0,32
54,1238.0,32
54,1239.0,32
54,1240.0,32
54,1241.0,32
54,1242.0,32
54,1243.0,32
54,1244.0,32
54,1245.0,32
54,1246.0,32
54,1247.0,32
54,1248.0,32
54,1249.0,32
54,1250.0,32
54,1251.0,32
54,1252.0,32
54,1253.0,32
54,1254.0,32
54,1255.0,32
54,1256.0,32
54,1257.0,32
54,1258.0,32
54,1259.0,32
54,1260.0,32
54,1261.0,32
54,1262.0,32
54,1263.0,32
54,1264.0,32
54,1265.0,32
54,1266.0,32
54,1267.0,32
54,1268.0,32
54,1269.0,32
54,1270.0,32
54,1271.0,32
54,1272.0,32
54,1273.0,32
54,1274.0,32
54,1275.0,32
54,1276.0,32
54,1277.0,32
54,1278.0,32
54,1279.0,32
54,1280.0,32
54,1281.0,32
54,1282.0,32
54,1283.0,32
54,1284.0,32
54,1285.0,32
54,1286.0,32
54,1287.0,32
54,1288.0,32
54,1289.0,32
54,1290.0,32
54,1291.0,32
54,1292.0,32
54,1293.0,32
54,1294.0,32
54,1295.0,32
54,1296.0,32
54,1297.0,32
54,1298.0,32
54,1299.0,32
54,1300.0,32
54,1301.0,32
54,1302.0,32
54,1303.0,32
54,1304.0,32
54,1305.0,32
54,1306.0,32
54,1307.0,32
54,1308.0,32
54,1309.0,32
54,1310.0,32
54,1311.0,32
54,1312.0,32
54,1313.0,32
54,1314.0,32
54,1315.0,32
54,1316.0,32
54,1317.0,32
54,1318.0,32
54,1319.0,32
54,1320.0,32
54,1321.0,32
54,1322.0,32
54,1323.0,32
54,1324.0,32
54,1325.0,32
54,1326.0,32
54,1327.0,32
54,1328.0,32
54,1329.0,32
54,1330.0,32
54,1331.0,32
54,1332.0,32
54,1333.0,32
54,1334.0,32
54,1335.0,32
54,1336.0,32
54,1337.0,32
54,1338.0,32
54,1339.0,32
54,1340.0,32
54,1341.0,32
54,1342.0,32
54,1343.0,32
54,1344.0,32
54,1345.0,32
54,1346.0,32
54,1347.0,32
54,1348.0,32
54,1349.0,32
54,1350.0,32
54,1351.0,32
54,1352.0,32
54,1353.0,32
54,1354.0,32
54,1355.0,32
54,1356.0,32
54,1357.0,32
54,1358.0,32
54,1359.0,32
54,1360.0,32
54,1361.0,32
54,1362.0,32
54,1363.0,32
54,1364.0,32
54,1365.0,32
54,1366.0,32
54,1367.0,32
54,1368.0,32
54,1369.0,32
54,1370.0,32
54,1371.0,32
54,1372.0,32
54,1373.0,32
54,1374.0,32
54,1375.0,32
54,1376.0,32
54,1377.0,32
54,1378.0,32
54,1379.0,32
54,1380.0,32
54,1381.0,32
54,1382.0,32
54,1383.0,32
54,1384.0,32
54,1385.0,32
54,1386.0,32
54,1387.0,32
54,1388.0,32
54,1389.0,32
54,1390.0,32
54,1391.0,32
54,1392.0,32
54,1393.0,32
54,1394.0,32
54,1395.0,32
54,1396.0,32
54,1397.0,32
54,1398.0,32
54,1399.0,32
54,1400.0,32
54,1401.0,32
54,1402.0,32
54,1403.0,32
54,1404.0,32
54,1405.0,32
54,1406.0,32
54,1407.0,32
54,1408.0,32
54,1409.0,32
54,1410.0,32
54,1411.0,32
54,1412.0,32
54,1413.0,32
54,1414.0,32
54,1415.0,32
54,1416.0,32
54,1417.0,32
54,1418.0,32
54,1419.0,32
54,1420.0,32
54,1421.0,32
54,1422.0,32
54,1423.0,32
54,1424.0,32
54,1425.0,32
54,1426.0,32
54,1427.0,32
54,1428.0,32
54,1429.0,32
54,1430.0,32
54,1431.0,32
54,1432.0,32
54,1433.0,32
54,1434.0,32
54,1435.0,32
54,1436.0,32
54,1437.0,32
54,1438.0,32
54,1439.0,32
54,1440.0,32
54,1441.0,32
54,1442.0,32
54,1443.0,32
54,1444.0,32
54,1445.0,32
54,1446.0,32
54,1447.0,32
54,1448.0,32
54,1449.0,32
54,1450.0,32
54,1451.0,32
54,1452.0,32
54,1453.0,32
54,1454.0,32
54,1455.0,32
54,1456.0,32
54,1457.0,32
54,1458.0,32
54,1459.0,32
54,1460.0,32
54,1461.0,32
54,1462.0,32
54,1463.0,32
54,1464.0,32
54,1465.0,32
54,1466.0,32
54,1467.0,32
54,1468.0,32
54,1469.0,32
54,1470.0,32
54,1471.0,32
54,1472.0,32
54,1473.0,32
54,1474.0,32
54,1475.0,32
54,1476.0,32
54,1477.0,32
54,1478.0,32
54,1479.0,32
54,1480.0,32
54,1481.0,32
54,1482.0,32
54,1483.0,32
54,1484.0,32
54,1485.0,32
54,1486.0,32
54,1487.0,32
54,1488.0,32
54,1489.0,32
54,1490.0,32
54,1491.0,32
54,1492.0,32
54,1493.0,32
54,1494.0,32
54,1495.0,32
54,1496.0,32
54,1497.0,32
54,1498.0,32
54,1499.0,32
54,1500.0,32
54,1501.0,32
54,1502.0,32
54,1503.0,32
54,1504.0,32
54,1505.0,32
54,1506.0,32
54,1507.0,32
54,1508.0,32
54,1509.0,32
54,1510.0,32
54,1511.0,32
54,1512.0,32
54,1513.0,32
54,1514.0,32
54,1515.0,32
54,1516.0,32
54,1517.0,32
54,1518.0,32
54,1519.0,32
54,1520.0,32
54,1521.0,32
54,1522.0,32
54,1523.0,32
54,1524.0,32
54,1525.0,32
54,1526.0,32
54,1527.0,32
54,1528.0,32
54,1529.0,32
54,1530.0,32
54,1531.0,32
54,1532.0,32
54,1533.0,32
54,1534.0,32
54,1535.0,32
54,1536.0,32
54,1537.0,32
54,1538.0,32
54,1539.0,32
54,1540.0,32
54,1541.0,32
54,1542.0,32
54,1543.0,32
54,1544.0,32
54,1545.0,32
54,1546.0,32
54,1547.0,32
54,1548.0,32
54,1549.0,32
54,1550.0,32
54,1551.0,32
54,1552.0,32
54,1553.0,32
54,1554.0,32
54,1555.0,32
54,1556.0,32
54,1557.0,32
54,1558.0,32
54,1559.0,32
54,1560.0,32
54,1561.0,32
54,1562.0,32
54,1563.0,32
54,1564.0,32
54,1565.0,32
54,1566.0,32
54,1567.0,32
54,1568.0,32
54,1569.0,32
54,1570.0,32
54,1571.0,32
54,1572.0,32
54,1573.0,32
54,1574.0,32
54,1575.0,32
54,1576.0,32
54,1577.0,32
54,1578.0,32
54,1579.0,32
54,1580.0,32
54,1581.0,32
54,1582.0,32
54,1583.0,32
54,1584.0,32
54,1585.0,32
54,1586.0,32
54,1587.0,32
54,1588.0,32
54,1589.0,32
54,1590.0,32
54,1591.0,32
54,1592.0,32
54,1593.0,32
54,1594.0,32
54,1595.0,32
54,1596.0,32
54,1597.0,32
54,1598.0,32
54,1599.0,32
54,1600.0,32
54,1601.0,32
54,1602.0,32
54,1603.0,32
54,1604.0,32
54,1605.0,32
54,1606.0,32
54,1607.0,32
54,1608.0,32
54,1609.0,32
54,1610.0,32
54,1611.0,32
54,1612.0,32
54,1613.0,32
54,1614.0,32
54,1615.0,32
54,1616.0,32
54,1617.0,32
54,1618.0,32
54,1619.0,32
54,1620.0,32
54,1621.0,32
54,1622.0,32
54,1623.0,32
54,1624.0,32
54,1625.0,32
54,1626.0,32
54,1627.0,32
54,1628.0,32
54,1629.0,32
54,1630.0,32
54,1631.0,32
54,1632.0,32
54,1633.0,32
54,1634.0,32
54,1635.0,32
54,1636.0,32
54,1637.0,32
54,1638.0,32
54,1639.0,32
54,1640.0,32
54,1641.0,32
54,1642.0,32
54,1643.0,32
54,1644.0,32
54,1645.0,32
54,1646.0,32
54,1647.0,32
54,1648.0,32
54,1649.0,32
54,1650.0,32
54,1651.0,32
54,1652.0,32
54,1653.0,32
54,1654.0,32
54,1655.0,32
54,1656.0,32
54,1657.0,32
54,1658.0,32
54,1659.0,32
54,1660.0,32
54,1661.0,32
54,1662.0,32
54,1663.0,32
54,1664.0,32
54,1665.0,32
54,1666.0,32
54,1667.0,32
54,1668.0,32
54,1669.0,32
54,1670.0,32
54,1671.0,32
54,1672.0,32
54,1673.0,32
54,1674.0,32
54,0.0,32
54,1.0,32
54,2.0,32
54,3.0,32
54,4.0,32
54,5.0,32
54,6.0,32
54,7.0,32
54,8.0,32
54,9.0,32
54,10.0,32
54,11.0,32
54,12.0,32
54,13.0,32
54,14.0,32
54,15.0,32
54,16.0,32
54,17.0,32
54,18.0,32
54,19.0,32
54,20.0,32
54,21.0,32
54,22.0,32
54,23.0,32
54,24.0,32
54,25.0,32
54,26.0,32
54,27.0,32
54,28.0,32
54,29.0,32
54,30.0,32
54,31.0,32
54,32.0,32
54,33.0,32
54,34.0,32
54,35.0,32
54,36.0,32
54,37.0,32
54,38.0,32
54,39.0,32
54,40.0,32
54,41.0,32
54,42.0,32
54,43.0,32
54,44.0,32
54,45.0,32
54,46.0,32
54,47.0,32
54,48.0,32
54,49.0,32
54,50.0,32
54,51.0,32
54,52.0,32
54,53.0,32
54,54.0,32
54,55.0,51
54,56.0,54
54,57.0,54
54,58.0,54
54,59.0,59
59,60.0,59
59,61.0,49
59,62.0,45
59,63.0,43
59,64.0,41
59,65.0,39
59,66.0,37
59,67.0,37
59,68.0,37
59,69.0,37
59,70.0,37
59,71.0,32
59,72.0,32
59,73.0,32
59,74.0,32
59,75.0,32
59,76.0,32
59,77.0,32
59,78.0,32
59,79.0,32
59,80.0,32
59,81.0,32
59,82.0,32
59,83.0,32
59,84.0,32
59,85.0,32
59,86.0,32
59,87.0,32
59,88.0,32
59,89.0,32
59,90.0,32
59,91.0,32
59,92.0,32
59,93.0,32
59,94.0,32
59,95.0,32
59,96.0,32
59,97.0,32
59,98.0,32
59,99.0,32
59,100.0,32
59,101.0,32
59,102.0,32
59,103.0,32
59,104.0,32
59,105.0,32
59,106.0,32
59,107.0,32
59,108.0,32
59,109.0,32
59,110.0,32
59,111.0,32
59,112.0,32
59,113.0,32
59,114.0,32
59,115.0,32
59,116.0,32
59,117.0,32
59,118.0,32
59,119.0,32
59,120.0,32
59,121.0,32
59,122.0,32
59,123.0,32
59,124.0,32
59,125.0,32
59,126.0,32
59,127.0,32
59,128.0,32
59,129.0,32
59,130.0,32
59,131.0,32
59,132.0,32
59,133.0,32
59,134.0,44
59,135.0,44
59,136.0,38
59,137.0,34
59,138.0,33
59,139.0,33
59,140.0,32
59,141.0,32
59,142.0,32
59,143.0,32
59,144.0,32
59,145.0,32
59,146.0,32
59,147.0,32
59,148.0,32
59,149.0,32
59,150.0,32
59,151.0,32
59,152.0,32
59,153.0,32
59,154.0,32
59,155.0,32
59,156.0,32
59,157.0,32
59,158.0,32
59,159.0,32
59,160.0,32
59,161.0,32
59,162.0,32
59,163.0,32
59,164.0,32
59,165.0,32
59,166.0,32
59,167.0,32
59,168.0,32
59,169.0,32
59,170.0,32
59,171.0,32
59,172.0,32
59,173.0,32
59,174.0,32
59,175.0,32
59,176.0,32
59,177.0,32
59,178.0,32
59,179.0,32
59,180.0,32
59,181.0,32
59,182.0,32
59,183.0,32
59,184.0,32
59,185.0,32
59,186.0,32
59,187.0,32
59,188.0,32
59,189.0,32
59,190.0,32
59,191.0,32
59,192.0,32
59,193.0,32
59,194.0,32
59,195.0,32
59,196.0,32
59,197.0,32
59,198.0,32
59,199.0,32
59,200.0,32
59,201.0,32
59,202.0,32
59,203.0,32
59,204.0,32
59,205.0,32
59,206.0,32
59,207.0,32
59,208.0,32
59,209.0,32
59,210.0,32
59,211.0,32
59,212.0,32
59,213.0,32
59,214.0,32
59,215.0,32
59,216.0,32
59,217.0,32
59,218.0,32
59,219.0,32
59,220.0,32
59,221.0,32
59,222.0,32
59,223.0,32
59,224.0,32
59,225.0,32
59,226.0,32
59,227.0,32
59,228.0,32
59,229.0,32
59,230.0,32
59,231.0,32
59,232.0,32
59,233.0,32
59,234.0,32
59,235.0,32
59,236.0,32
59,237.0,32
59,238.0,32
59,239.0,32
59,240.0,32
59,241.0,32
59,242.0,32
59,243.0,32
59,244.0,32
59,245.0,32
59,246.0,32
59,247.0,32
59,248.0,32
59,249.0,32
59,250.0,32
59,251.0,32
59,252.0,32
59,253.0,32
59,254.0,32
59,255.0,32
59,256.0,32
59,257.0,32
59,258.0,32
59,259.0,32
59,260.0,32
59,261.0,32
59,262.0,32
59,263.0,32
59,264.0,32
59,265.0,32
59,266.0,32
59,267.0,32
59,268.0,32
59,269.0,32
59,270.0,32
59,271.0,32
59,272.0,32
59,273.0,32
59,274.0,32
59,275.0,32
59,276.0,32
59,277.0,32
59,278.0,32
59,279.0,32
59,280.0,32
59,281.0,32
59,282.0,32
59,283.0,32
59,284.0,32
59,285.0,32
59,286.0,32
59,287.0,32
59,288.0,32
59,289.0,32
59,290.0,32
59,291.0,32
59,292.0,32
59,293.0,32
59,294.0,32
59,295.0,32
59,296.0,32
59,297.0,32
59,298.0,32
59,299.0,32
59,300.0,32
59,301.0,32
59,302.0,32
59,303.0,32
59,304.0,32
59,305.0,32
59,306.0,32
59,307.0,32
59,308.0,32
59,309.0,32
59,310.0,32
59,311.0,32
59,312.0,32
59,313.0,32
59,314.0,32
59,315.0,32
59,316.0,32
59,317.0,32
59,318.0,32
59,319.0,32
59,320.0,32
59,321.0,32
59,322.0,32
59,323.0,32
59,324.0,32
59,325.0,32
59,326.0,32
59,327.0,32
59,328.0,32
59,329.0,32
59,330.0,32
59,331.0,32
59,332.0,32
59,333.0,32
59,334.0,32
59,335.0,32
59,336.0,32
59,337.0,32
59,338.0,32
59,339.0,32
59,340.0,32
59,341.0,32
59,342.0,32
59,343.0,32
59,344.0,32
59,345.0,32
59,346.0,32
59,347.0,32
59,348.0,32
59,349.0,32
59,350.0,32
59,351.0,32
59,352.0,32
59,353.0,32
59,354.0,32
59,355.0,32
59,356.0,32
59,357.0,32
59,358.0,32
59,359.0,32
59,360.0,32
59,361.0,32
59,362.0,32
59,363.0,32
59,364.0,32
59,365.0,32
59,366.0,32
59,367.0,32
59,368.0,32
59,369.0,281
59,370.0,281
59,371.0,281
59,372.0,281
59,373.0,281
59,374.0,281
59,375.0,281
59,376.0,281
59,377.0,281
59,378.0,281
59,379.0,281
59,380.0,281
59,381.0,281
59,382.0,281
59,383.0,281
59,384.0,281
59,385.0,281
59,386.0,281
59,387.0,281
59,388.0,281
59,389.0,281
59,390.0,281
59,391.0,281
59,392.0,281
59,393.0,281
59,394.0,281
59,395.0,281
59,396.0,281
59,397.0,281
59,398.0,281
59,399.0,281
59,400.0,281
59,401.0,281
59,402.0,281
59,403.0,281
59,404.0,281
59,405.0,281
59,406.0,281
59,407.0,281
59,408.0,281
59,409.0,281
59,410.0,281
59,411.0,281
59,412.0,281
59,413.0,281
59,414.0,281
59,415.0,281
59,416.0,281
59,417.0,281
59,418.0,281
59,419.0,281
59,420.0,281
59,421.0,281
59,422.0,281
59,423.0,281
59,424.0,281
59,425.0,281
59,426.0,281
59,427.0,281
59,428.0,281
59,429.0,281
59,430.0,281
59,431.0,281
59,432.0,281
59,433.0,281
59,434.0,281
59,435.0,281
59,436.0,281
59,437.0,281
59,438.0,281
59,439.0,281
59,440.0,281
59,441.0,281
59,442.0,281
59,443.0,281
59,444.0,281
59,445.0,281
59,446.0,281
59,447.0,281
59,448.0,281
59,449.0,281
59,450.0,281
59,451.0,281
59,452.0,281
59,453.0,281
59,454.0,281
59,455.0,281
59,456.0,281
59,457.0,281
59,458.0,281
59,459.0,281
59,460.0,281
59,461.0,281
59,462.0,281
59,463.0,281
59,464.0,281
59,465.0,281
59,466.0,281
59,467.0,281
59,468.0,281
59,469.0,281
59,470.0,281
59,471.0,281
59,472.0,281
59,473.0,281
59,474.0,281
59,475.0,281
59,476.0,281
59,477.0,281
59,478.0,281
59,479.0,281
59,480.0,281
59,481.0,281
59,482.0,281
59,483.0,281
59,484.0,281
59,485.0,281
59,486.0,281
59,487.0,281
59,488.0,281
59,489.0,281
59,490.0,281
59,491.0,281
59,492.0,281
59,493.0,281
59,494.0,281
59,495.0,281
59,496.0,281
59,497.0,281
59,498.0,281
59,499.0,281
59,500.0,281
59,501.0,281
59,502.0,281
59,503.0,281
59,504.0,281
59,505.0,281
59,506.0,281
59,507.0,281
59,508.0,281
59,509.0,281
59,510.0,281
59,511.0,281
59,512.0,281
59,513.0,281
59,514.0,281
59,515.0,281
59,516.0,281
59,517.0,281
59,518.0,281
59,519.0,281
59,520.0,281
59,521.0,281
59,522.0,281
59,523.0,281
59,524.0,281
59,525.0,281
59,526.0,281
59,527.0,281
59,528.0,281
59,529.0,281
59,530.0,281
59,531.0,281
59,532.0,281
59,533.0,281
59,534.0,281
59,535.0,281
59,536.0,281
59,537.0,281
59,538.0,281
59,539.0,281
59,540.0,281
59,541.0,281
59,542.0,281
59,543.0,281
59,544.0,281
59,545.0,281
59,546.0,281
59,547.0,281
59,548.0,281
59,549.0,281
59,550.0,281
59,551.0,281
59,552.0,281
59,553.0,281
59,554.0,281
59,555.0,281
59,556.0,281
59,557.0,281
59,558.0,281
59,559.0,281
59,560.0,281
59,561.0,281
59,562.0,281
59,563.0,281
59,564.0,281
59,565.0,281
59,566.0,281
59,567.0,281
59,568.0,281
59,569.0,281
59,570.0,281
59,571.0,281
59,572.0,281
59,573.0,281
59,574.0,281
59,575.0,281
59,576.0,281
59,577.0,281
59,578.0,281
59,579.0,281
59,580.0,281
59,581.0,281
59,582.0,281
59,583.0,281
59,584.0,281
59,585.0,281
59,586.0,281
59,587.0,281
59,588.0,281
59,589.0,281
59,590.0,281
59,591.0,281
59,592.0,281
59,593.0,281
59,594.0,281
59,595.0,281
59,596.0,281
59,597.0,281
59,598.0,281
59,599.0,281
59,600.0,281
59,601.0,281
59,602.0,281
59,603.0,281
59,604.0,281
59,605.0,281
59,606.0,281
59,607.0,281
59,608.0,281
59,609.0,281
59,610.0,281
59,611.0,281
59,612.0,281
59,613.0,281
59,614.0,281
59,615.0,281
59,616.0,281
59,617.0,281
59,618.0,281
59,619.0,281
59,620.0,281
59,621.0,281
59,622.0,281
59,623.0,281
59,624.0,281
59,625.0,281
59,626.0,281
59,627.0,281
59,628.0,281
59,629.0,281
59,630.0,281
59,631.0,281
59,632.0,281
59,633.0,281
59,634.0,281
59,635.0,281
59,636.0,281
59,637.0,281
59,638.0,281
59,639.0,281
59,640.0,281
59,641.0,281
59,642.0,281
59,643.0,281
59,644.0,281
59,645.0,281
59,646.0,281
59,647.0,281
59,648.0,281
59,649.0,281
59,650.0,281
59,651.0,281
59,652.0,281
59,653.0,281
59,654.0,281
59,655.0,281
59,656.0,281
59,657.0,281
59,658.0,281
59,659.0,281
59,660.0,281
59,661.0,281
59,662.0,281
59,663.0,281
59,664.0,281
59,665.0,281
59,666.0,281
59,667.0,281
59,668.0,281
59,669.0,281
59,670.0,281
59,671.0,281
59,672.0,281
59,673.0,281
59,674.0,281
59,675.0,281
59,676.0,281
59,677.0,281
59,678.0,281
59,679.0,281
59,680.0,281
59,681.0,281
59,682.0,281
59,683.0,281
59,684.0,281
59,685.0,281
59,686.0,281
59,687.0,281
59,688.0,281
59,689.0,281
59,690.0,281
59,691.0,281
59,692.0,281
59,693.0,281
59,694.0,281
59,695.0,281
59,696.0,281
59,697.0,281
59,698.0,281
59,699.0,281
59,700.0,281
59,701.0,281
59,702.0,281
59,703.0,281
59,704.0,281
59,705.0,281
59,706.0,281
59,707.0,281
59,708.0,281
59,709.0,281
59,710.0,281
59,711.0,281
59,712.0,281
59,713.0,281
59,714.0,281
59,715.0,281
59,716.0,281
59,717.0,281
59,718.0,281
59,719.0,281
59,720.0,281
59,721.0,281
59,722.0,281
59,723.0,281
59,724.0,281
59,725.0,281
59,726.0,281
59,727.0,281
59,728.0,281
59,729.0,281
59,730.0,281
59,731.0,281
59,732.0,281
59,733.0,281
59,734.0,281
59,735.0,281
59,736.0,281
59,737.0,281
59,738.0,281
59,739.0,281
59,740.0,281
59,741.0,281
59,742.0,281
59,743.0,281
59,744.0,281
59,745.0,281
59,746.0,281
59,747.0,281
59,748.0,281
59,749.0,281
59,750.0,281
59,751.0,281
59,752.0,281
59,753.0,281
59,754.0,281
59,755.0,281
59,756.0,281
59,757.0,281
59,758.0,281
59,759.0,281
59,760.0,281
59,761.0,281
59,762.0,281
59,763.0,281
59,764.0,281
59,765.0,281
59,766.0,281
59,767.0,281
59,768.0,281
59,769.0,281
59,770.0,281
59,771.0,281
59,772.0,281
59,773.0,281
59,774.0,281
59,775.0,281
59,776.0,281
59,777.0,281
59,778.0,281
59,779.0,281
59,780.0,281
59,781.0,281
59,782.0,281
59,783.0,281
59,784.0,281
59,785.0,281
59,786.0,281
59,787.0,281
59,788.0,281
59,789.0,281
59,790.0,281
59,791.0,281
59,792.0,281
59,793.0,281
59,794.0,281
59,795.0,281
59,796.0,281
59,797.0,281
59,798.0,281
59,799.0,281
59,800.0,281
59,801.0,281
59,802.0,281
59,803.0,281
59,804.0,281
59,805.0,281
59,806.0,281
59,807.0,281
59,808.0,281
59,809.0,281
59,810.0,281
59,811.0,281
59,812.0,281
59,813.0,281
59,814.0,281
59,815.0,281
59,816.0,281
59,817.0,281
59,818.0,281
59,819.0,281
59,820.0,281
59,821.0,281
59,822.0,281
59,823.0,281
59,824.0,281
59,825.0,281
59,826.0,281
59,827.0,281
59,828.0,281
59,829.0,281
59,830.0,281
59,831.0,281
59,832.0,281
59,833.0,281
59,834.0,281
59,835.0,281
59,836.0,281
59,837.0,281
59,838.0,281
59,839.0,281
59,840.0,281
59,841.0,281
59,842.0,281
59,843.0,281
59,844.0,281
59,845.0,281
59,846.0,281
59,847.0,281
59,848.0,281
59,849.0,281
59,850.0,281
59,851.0,281
59,852.0,281
59,853.0,281
59,854.0,281
59,855.0,281
59,856.0,281
59,857.0,281
59,858.0,281
59,859.0,281
59,860.0,281
59,861.0,281
59,862.0,281
59,863.0,281
59,864.0,281
59,865.0,281
59,866.0,281
59,867.0,281
59,868.0,281
59,869.0,281
59,870.0,281
59,871.0,281
59,872.0,281
59,873.0,281
59,874.0,281
59,875.0,281
59,876.0,281
59,877.0,281
59,878.0,281
59,879.0,281
59,880.0,281
59,881.0,281
59,882.0,281
59,883.0,281
59,884.0,281
59,885.0,281
59,886.0,281
59,887.0,281
59,888.0,281
59,889.0,281
59,890.0,281
59,891.0,281
59,892.0,281
59,893.0,281
59,894.0,281
59,895.0,281
59,896.0,281
59,897.0,281
59,898.0,281
59,899.0,281
59,900.0,281
59,901.0,281
59,902.0,281
59,903.0,281
59,904.0,281
59,905.0,281
59,906.0,281
59,907.0,281
59,908.0,281
59,909.0,281
59,910.0,281
59,911.0,281
59,912.0,281
59,913.0,281
59,914.0,281
59,915.0,281
59,916.0,281
59,917.0,281
59,918.0,281
59,919.0,281
59,920.0,281
59,921.0,281
59,922.0,281
59,923.0,281
59,924.0,281
59,925.0,281
59,926.0,281
59,927.0,281
59,928.0,281
59,929.0,281
59,930.0,281
59,931.0,281
59,932.0,281
59,933.0,281
59,934.0,281
59,935.0,281
59,936.0,281
59,937.0,281
59,938.0,281
59,939.0,281
59,940.0,281
59,941.0,281
59,942.0,281
59,943.0,281
59,944.0,281
59,945.0,281
59,946.0,281
59,947.0,281
59,948.0,281
59,949.0,281
59,950.0,281
59,951.0,281
59,952.0,281
59,953.0,281
59,954.0,281
59,955.0,281
59,956.0,281
59,957.0,281
59,958.0,281
59,959.0,281
59,960.0,281
59,961.0,281
59,962.0,281
59,963.0,281
59,964.0,281
59,965.0,281
59,966.0,281
59,967.0,281
59,968.0,281
59,969.0,281
59,970.0,281
59,971.0,281
59,972.0,281
59,973.0,281
59,974.0,281
59,975.0,281
59,976.0,281
59,977.0,281
59,978.0,281
59,979.0,281
59,980.0,281
59,981.0,281
59,982.0,281
59,983.0,281
59,984.0,281
59,985.0,281
59,986.0,281
59,987.0,281
59,988.0,281
59,989.0,281
59,990.0,281
59,991.0,281
59,992.0,281
59,993.0,281
59,994.0,281
59,995.0,281
59,996.0,281
59,997.0,281
59,998.0,281
59,999.0,281
59,1000.0,281
59,1001.0,281
59,1002.0,281
59,1003.0,281
59,1004.0,281
59,1005.0,281
59,1006.0,281
59,1007.0,281
59,1008.0,281
59,1009.0,281
59,1010.0,281
59,1011.0,281
59,1012.0,281
59,1013.0,281
59,1014.0,281
59,1015.0,281
59,1016.0,281
59,1017.0,281
59,1018.0,281
59,1019.0,281
59,1020.0,281
59,1021.0,281
59,1022.0,281
59,1023.0,281
59,1024.0,281
59,1025.0,281
59,1026.0,281
59,1027.0,281
59,1028.0,281
59,1029.0,281
59,1030.0,281
59,1031.0,281
59,1032.0,281
59,1033.0,281
59,1034.0,281
59,1035.0,281
59,1036.0,281
59,1037.0,281
59,1038.0,281
59,1039.0,281
59,1040.0,281
59,1041.0,281
59,1042.0,281
59,1043.0,281
59,1044.0,281
59,1045.0,281
59,1046.0,281
59,1047.0,281
59,1048.0,281
59,1049.0,281
59,1050.0,281
59,1051.0,281
59,1052.0,281
59,1053.0,281
59,1054.0,281
59,1055.0,281
59,1056.0,281
59,1057.0,281
59,1058.0,281
59,1059.0,281
59,1060.0,281
59,1061.0,281
59,1062.0,281
59,1063.0,281
59,1064.0,281
59,1065.0,281
59,1066.0,281
59,1067.0,281
59,1068.0,281
59,1069.0,281
59,1070.0,281
59,1071.0,281
59,1072.0,281
59,1073.0,281
59,1074.0,281
59,1075.0,281
59,1076.0,281
59,1077.0,281
59,1078.0,281
59,1079.0,281
59,1080.0,281
59,1081.0,281
59,1082.0,281
59,1083.0,281
59,1084.0,281
59,1085.0,281
59,1086.0,281
59,1087.0,281
59,1088.0,281
59,1089.0,281
59,1090.0,281
59,1091.0,281
59,1092.0,281
59,1093.0,281
59,1094.0,281
59,1095.0,281
59,1096.0,281
59,1097.0,281
59,1098.0,281
59,1099.0,281
59,1100.0,281
59,1101.0,281
59,1102.0,281
59,1103.0,281
59,1104.0,281
59,1105.0,281
59,1106.0,281
59,1107.0,281
59,1108.0,281
59,1109.0,281
59,1110.0,281
59,1111.0,281
59,1112.0,281
59,1113.0,281
59,1114.0,281
59,1115.0,281
59,1116.0,281
59,1117.0,281
59,1118.0,281
59,1119.0,281
59,1120.0,281
59,1121.0,281
59,1122.0,281
59,1123.0,281
59,1124.0,281
59,1125.0,281
59,1126.0,281
59,1127.0,281
59,1128.0,281
59,1129.0,281
59,1130.0,281
59,1131.0,281
59,1132.0,281
59,1133.0,281
59,1134.0,281
59,1135.0,281
59,1136.0,281
59,1137.0,281
59,1138.0,281
59,1139.0,281
59,1140.0,281
59,1141.0,281
59,1142.0,281
59,1143.0,281
59,1144.0,281
59,1145.0,281
59,1146.0,281
59,1147.0,281
59,1148.0,281
59,1149.0,281
59,1150.0,281
59,1151.0,281
59,1152.0,281
59,1153.0,281
59,1154.0,281
59,1155.0,281
59,1156.0,281
59,1157.0,281
59,1158.0,281
59,1159.0,281
59,1160.0,281
59,1161.0,281
59,1162.0,281
59,1163.0,281
59,1164.0,281
59,1165.0,281
59,1166.0,281
59,1167.0,281
59,1168.0,281
59,1169.0,281
59,1170.0,281
59,1171.0,281
59,1172.0,281
59,1173.0,281
59,1174.0,281
59,1175.0,281
59,1176.0,281
59,1177.0,281
59,1178.0,281
59,1179.0,281
59,1180.0,281
59,1181.0,281
59,1182.0,281
59,1183.0,281
59,1184.0,281
59,1185.0,281
59,1186.0,281
59,1187.0,281
59,1188.0,281
59,1189.0,281
59,1190.0,281
59,1191.0,281
59,1192.0,281
59,1193.0,281
59,1194.0,281
59,1195.0,281
59,1196.0,281
59,1197.0,281
59,1198.0,281
59,1199.0,281
59,1200.0,281
59,1201.0,281
59,1202.0,281
59,1203.0,281
59,1204.0,281
59,1205.0,281
59,1206.0,281
59,1207.0,281
59,1208.0,281
59,1209.0,281
59,1210.0,281
59,1211.0,281
59,1212.0,281
59,1213.0,281
59,1214.0,281
59,1215.0,281
59,1216.0,281
59,1217.0,281
59,1218.0,281
59,1219.0,281
59,1220.0,281
59,1221.0,281
59,1222.0,281
59,1223.0,281
59,1224.0,281
59,1225.0,281
59,1226.0,281
59,1227.0,281
59,1228.0,281
59,1229.0,281
59,1230.0,281
59,1231.0,281
59,1232.0,281
59,1233.0,281
59,1234.0,281
59,1235.0,281
59,1236.0,281
59,1237.0,281
59,1238.0,281
59,1239.0,281
59,1240.0,281
59,1241.0,281
59,1242.0,281
59,1243.0,281
59,1244.0,281
59,1245.0,281
59,1246.0,281
59,1247.0,281
59,1248.0,281
59,1249.0,281
59,1250.0,281
59,1251.0,281
59,1252.0,281
59,1253.0,281
59,1254.0,281
59,1255.0,281
59,1256.0,281
59,1257.0,281
59,1258.0,281
59,1259.0,281
59,1260.0,281
59,1261.0,281
59,1262.0,281
59,1263.0,281
59,1264.0,281
59,1265.0,281
59,1266.0,281
59,1267.0,281
59,1268.0,281
59,1269.0,281
59,1270.0,281
59,1271.0,281
59,1272.0,281
59,1273.0,281
59,1274.0,281
59,1275.0,281
59,1276.0,281
59,1277.0,281
59,1278.0,281
59,1279.0,281
59,1280.0,281
59,1281.0,281
59,1282.0,281
59,1283.0,281
59,1284.0,281
59,1285.0,281
59,1286.0,281
59,1287.0,281
59,1288.0,281
59,1289.0,281
59,1290.0,281
59,1291.0,281
59,1292.0,281
59,1293.0,281
59,1294.0,281
59,1295.0,281
59,1296.0,281
59,1297.0,281
59,1298.0,281
59,1299.0,281
59,1300.0,281
59,1301.0,281
59,1302.0,281
59,1303.0,281
59,1304.0,281
59,1305.0,281
59,1306.0,281
59,1307.0,281
59,1308.0,281
59,1309.0,281
59,1310.0,281
59,1311.0,281
59,1312.0,281
59,1313.0,281
59,1314.0,281
59,1315.0,281
59,1316.0,281
59,1317.0,281
59,1318.0,281
59,1319.0,281
59,1320.0,281
59,1321.0,281
59,1322.0,281
59,1323.0,281
59,1324.0,281
59,1325.0,281
59,1326.0,281
59,1327.0,281
59,1328.0,281
59,1329.0,281
59,1330.0,281
59,1331.0,281
59,1332.0,281
59,1333.0,281
59,1334.0,281
59,1335.0,281
59,1336.0,281
59,1337.0,281
59,1338.0,281
59,1339.0,281
59,1340.0,281
59,1341.0,281
59,1342.0,281
59,1343.0,281
59,1344.0,281
59,1345.0,281
59,1346.0,281
59,1347.0,281
59,1348.0,281
59,1349.0,281
59,1350.0,281
59,1351.0,281
59,1352.0,281
59,1353.0,281
59,1354.0,281
59,1355.0,281
59,1356.0,281
59,1357.0,281
59,1358.0,281
59,1359.0,281
59,1360.0,281
59,1361.0,281
59,1362.0,281
59,1363.0,281
59,1364.0,281
59,1365.0,281
59,1366.0,281
59,1367.0,281
59,1368.0,281
59,1369.0,281
59,1370.0,281
59,1371.0,281
59,1372.0,281
59,1373.0,281
59,1374.0,281
59,1375.0,281
59,1376.0,281
59,1377.0,281
59,1378.0,281
59,1379.0,281
59,1380.0,281
59,1381.0,281
59,1382.0,281
59,1383.0,281
59,1384.0,281
59,1385.0,281
59,1386.0,281
59,1387.0,281
59,1388.0,281
59,1389.0,281
59,1390.0,281
59,1391.0,281
59,1392.0,281
59,1393.0,281
59,1394.0,281
59,1395.0,281
59,1396.0,281
59,1397.0,281
59,1398.0,281
59,1399.0,281
59,1400.0,281
59,1401.0,281
59,1402.0,281
59,1403.0,281
59,1404.0,281
59,1405.0,281
59,1406.0,281
59,1407.0,281
59,1408.0,281
59,1409.0,281
59,1410.0,281
59,1411.0,281
59,1412.0,281
59,1413.0,281
59,1414.0,281
59,1415.0,281
59,1416.0,281
59,1417.0,281
59,1418.0,281
59,1419.0,281
59,1420.0,281
59,1421.0,281
59,1422.0,281
59,1423.0,281
59,1424.0,281
59,1425.0,281
59,1426.0,281
59,1427.0,281
59,1428.0,281
59,1429.0,281
59,1430.0,281
59,1431.0,281
59,1432.0,281
59,1433.0,281
59,1434.0,281
59,1435.0,281
59,1436.0,281
59,1437.0,281
59,1438.0,281
59,1439.0,281
59,1440.0,281
59,1441.0,281
59,1442.0,281
59,1443.0,281
59,1444.0,281
59,1445.0,281
59,1446.0,281
59,1447.0,281
59,1448.0,281
59,1449.0,281
59,1450.0,281
59,1451.0,281
59,1452.0,281
59,1453.0,281
59,1454.0,281
59,1455.0,281
59,1456.0,281
59,1457.0,281
59,1458.0,281
59,1459.0,281
59,1460.0,281
59,1461.0,281
59,1462.0,281
59,1463.0,281
59,1464.0,281
59,1465.0,281
59,1466.0,281
59,1467.0,281
59,1468.0,281
59,1469.0,281
59,1470.0,281
59,1471.0,281
59,1472.0,281
59,1473.0,281
59,1474.0,281
59,1475.0,281
59,1476.0,281
59,1477.0,281
59,1478.0,281
59,1479.0,281
59,1480.0,281
59,1481.0,281
59,1482.0,281
59,1483.0,281
59,1484.0,281
59,1485.0,281
59,1486.0,281
59,1487.0,281
59,1488.0,281
59,1489.0,281
59,1490.0,281
59,1491.0,281
59,1492.0,281
59,1493.0,281
59,1494.0,281
59,1495.0,281
59,1496.0,281
59,1497.0,281
59,1498.0,281
59,1499.0,281
59,1500.0,281
59,1501.0,281
59,1502.0,281
59,1503.0,281
59,1504.0,281
59,1505.0,281
59,1506.0,281
59,1507.0,281
59,1508.0,281
59,1509.0,281
59,1510.0,281
59,1511.0,281
59,1512.0,281
59,1513.0,281
59,1514.0,281
59,1515.0,281
59,1516.0,281
59,1517.0,281
59,1518.0,281
59,1519.0,281
59,1520.0,281
59,1521.0,281
59,1522.0,281
59,1523.0,281
59,1524.0,281
59,1525.0,281
59,1526.0,281
59,1527.0,281
59,1528.0,281
59,1529.0,281
59,1530.0,281
59,1531.0,281
59,1532.0,281
59,1533.0,281
59,1534.0,281
59,1535.0,281
59,1536.0,281
59,1537.0,281
59,1538.0,281
59,1539.0,281
59,1540.0,281
59,1541.0,281
59,1542.0,281
59,1543.0,281
59,1544.0,281
59,1545.0,281
59,1546.0,281
59,1547.0,281
59,1548.0,281
59,1549.0,281
59,1550.0,281
59,1551.0,281
59,1552.0,281
59,1553.0,281
59,1554.0,281
59,1555.0,281
59,1556.0,281
59,1557.0,281
59,1558.0,281
59,1559.0,281
59,1560.0,281
59,1561.0,281
59,1562.0,281
59,1563.0,281
59,1564.0,281
59,1565.0,281
59,1566.0,281
59,1567.0,281
59,1568.0,281
59,1569.0,281
59,1570.0,281
59,1571.0,281
59,1572.0,281
59,1573.0,281
59,1574.0,281
59,1575.0,281
59,1576.0,281
59,1577.0,281
59,1578.0,281
59,1579.0,281
59,1580.0,281
59,1581.0,281
59,1582.0,281
59,1583.0,281
59,1584.0,281
59,1585.0,281
59,1586.0,281
59,1587.0,281
59,1588.0,281
59,1589.0,281
59,1590.0,281
59,1591.0,281
59,1592.0,281
59,1593.0,281
59,1594.0,281
59,1595.0,281
59,1596.0,281
59,1597.0,281
59,1598.0,281
59,1599.0,281
59,1600.0,281
59,1601.0,281
59,1602.0,281
59,1603.0,281
59,1604.0,281
59,1605.0,281
59,1606.0,281
59,1607.0,281
59,1608.0,281
59,1609.0,281
59,1610.0,281
59,1611.0,281
59,1612.0,281
59,1613.0,281
59,1614.0,281
59,1615.0,281
59,1616.0,281
59,1617.0,281
59,1618.0,281
59,1619.0,281
59,1620.0,281
59,1621.0,281
59,1622.0,281
59,1623.0,281
59,1624.0,281
59,1625.0,281
59,1626.0,281
59,1627.0,281
59,1628.0,281
59,1629.0,281
59,1630.0,281
59,1631.0,281
59,1632.0,281
59,1633.0,281
59,1634.0,281
