"BLeft","timeCount"
250,1.0
250,2.0
250,3.0
250,4.0
250,5.0
250,6.0
250,7.0
250,8.0
250,9.0
248,10.0
248,11.0
248,12.0
247,13.0
247,14.0
247,15.0
247,16.0
247,17.0
246,18.0
246,19.0
246,20.0
246,21.0
246,22.0
244,23.0
244,24.0
244,25.0
243,26.0
242,27.0
242,28.0
241,29.0
240,30.0
240,31.0
240,32.0
239,33.0
238,34.0
237,35.0
237,36.0
237,37.0
237,38.0
237,39.0
235,40.0
235,41.0
234,42.0
233,43.0
232,44.0
231,45.0
231,46.0
230,47.0
230,48.0
230,49.0
230,50.0
229,51.0
228,52.0
227,53.0
227,54.0
227,55.0
227,56.0
227,57.0
227,58.0
226,59.0
224,60.0
224,61.0
224,62.0
224,63.0
224,64.0
223,65.0
221,66.0
221,67.0
221,68.0
221,69.0
221,70.0
221,71.0
221,72.0
220,73.0
220,74.0
219,75.0
219,76.0
218,77.0
218,78.0
218,79.0
218,80.0
217,81.0
217,82.0
217,83.0
217,84.0
216,85.0
