"BLeft","timeCount"
273,1.0
272,2.0
271,3.0
270,4.0
269,5.0
269,6.0
269,7.0
268,8.0
267,9.0
267,10.0
266,11.0
266,12.0
266,13.0
266,14.0
266,15.0
266,16.0
266,17.0
266,18.0
266,19.0
265,20.0
265,21.0
265,22.0
265,23.0
265,24.0
265,25.0
265,26.0
265,27.0
265,28.0
265,29.0
265,30.0
265,31.0
265,32.0
265,33.0
265,34.0
265,35.0
265,36.0
265,37.0
265,38.0
264,39.0
264,40.0
264,41.0
264,42.0
264,43.0
264,44.0
264,45.0
264,46.0
264,47.0
263,48.0
263,49.0
263,50.0
263,51.0
263,52.0
263,53.0
263,54.0
263,55.0
263,56.0
263,57.0
263,58.0
263,59.0
263,60.0
261,61.0
260,62.0
260,63.0
260,64.0
259,65.0
259,66.0
259,67.0
258,68.0
258,69.0
258,70.0
258,71.0
258,72.0
258,73.0
258,74.0
258,75.0
258,76.0
258,77.0
258,78.0
258,79.0
258,80.0
258,81.0
258,82.0
256,83.0
255,84.0
255,85.0
255,86.0
255,87.0
255,88.0
255,89.0
255,90.0
255,91.0
255,92.0
254,93.0
254,94.0
254,95.0
254,96.0
254,97.0
254,98.0
254,99.0
254,100.0
254,101.0
254,102.0
254,103.0
253,104.0
253,105.0
253,106.0
253,107.0
252,108.0
252,109.0
252,110.0
252,111.0
251,112.0
251,113.0
251,114.0
251,115.0
250,116.0
250,117.0
249,118.0
249,119.0
249,120.0
247,121.0
247,122.0
247,123.0
247,124.0
247,125.0
247,126.0
246,127.0
246,128.0
246,129.0
246,130.0
246,131.0
246,132.0
246,133.0
246,134.0
246,135.0
245,136.0
245,137.0
245,138.0
245,139.0
245,140.0
245,141.0
245,142.0
245,143.0
245,144.0
245,145.0
245,146.0
245,147.0
245,148.0
244,149.0
244,150.0
244,151.0
244,152.0
244,153.0
244,154.0
244,155.0
244,156.0
244,157.0
244,158.0
244,159.0
244,160.0
243,161.0
242,162.0
241,163.0
240,164.0
238,165.0
238,166.0
237,167.0
236,168.0
235,169.0
234,170.0
234,171.0
234,172.0
228,173.0
226,174.0
226,175.0
226,176.0
224,177.0
224,178.0
223,179.0
223,180.0
221,181.0
221,182.0
221,183.0
221,184.0
221,185.0
219,186.0
218,187.0
217,188.0
214,189.0
214,190.0
213,191.0
213,192.0
212,193.0
211,194.0
209,195.0
207,196.0
205,197.0
204,198.0
204,199.0
203,200.0
202,201.0
201,202.0
199,203.0
197,204.0
197,205.0
195,206.0
195,207.0
195,208.0
194,209.0
194,210.0
194,211.0
191,212.0
190,213.0
189,214.0
187,215.0
186,216.0
185,217.0
185,218.0
183,219.0
182,220.0
182,221.0
181,222.0
178,223.0
178,224.0
177,225.0
177,226.0
176,227.0
176,228.0
176,229.0
174,230.0
174,231.0
173,232.0
171,233.0
170,234.0
168,235.0
168,236.0
168,237.0
166,238.0
165,239.0
165,240.0
165,241.0
163,242.0
162,243.0
160,244.0
160,245.0
159,246.0
157,247.0
155,248.0
