"BLeft","timeCount"
250,0.0
249,1.0
249,2.0
247,3.0
247,4.0
247,5.0
246,6.0
245,7.0
245,8.0
243,9.0
242,10.0
239,11.0
238,12.0
237,13.0
237,14.0
236,15.0
235,16.0
235,17.0
234,18.0
233,19.0
232,20.0
232,21.0
231,22.0
228,23.0
228,24.0
227,25.0
226,26.0
225,27.0
225,28.0
224,29.0
222,30.0
221,31.0
221,32.0
220,33.0
218,34.0
216,35.0
216,36.0
216,37.0
214,38.0
213,39.0
212,40.0
209,41.0
209,42.0
208,43.0
208,44.0
207,45.0
207,46.0
207,47.0
207,48.0
205,49.0
204,50.0
202,51.0
199,52.0
199,53.0
199,54.0
199,55.0
198,56.0
195,57.0
195,58.0
194,59.0
193,60.0
191,61.0
189,62.0
187,63.0
187,64.0
187,65.0
187,66.0
185,67.0
185,68.0
181,69.0
181,70.0
179,71.0
178,72.0
176,73.0
174,74.0
174,75.0
174,76.0
172,77.0
172,78.0
172,79.0
172,80.0
172,81.0
172,82.0
171,83.0
170,84.0
169,85.0
169,86.0
168,87.0
166,88.0
166,89.0
163,90.0
162,91.0
160,92.0
160,93.0
156,94.0
156,95.0
155,96.0
155,97.0
153,98.0
153,99.0
