"BLeft","timeCount"
250,1.0
250,2.0
250,3.0
250,4.0
250,5.0
250,6.0
250,7.0
250,8.0
250,9.0
249,10.0
248,11.0
247,12.0
247,13.0
245,14.0
243,15.0
243,16.0
243,17.0
241,18.0
241,19.0
241,20.0
241,21.0
241,22.0
241,23.0
241,24.0
241,25.0
239,26.0
238,27.0
237,28.0
237,29.0
237,30.0
236,31.0
236,32.0
233,33.0
233,34.0
233,35.0
233,36.0
233,37.0
233,38.0
233,39.0
232,40.0
229,41.0
228,42.0
228,43.0
228,44.0
227,45.0
227,46.0
227,47.0
227,48.0
226,49.0
226,50.0
225,51.0
224,52.0
224,53.0
224,54.0
224,55.0
224,56.0
224,57.0
224,58.0
224,59.0
224,60.0
224,61.0
224,62.0
224,63.0
224,64.0
224,65.0
224,66.0
222,67.0
222,68.0
222,69.0
222,70.0
221,71.0
220,72.0
220,73.0
220,74.0
220,75.0
219,76.0
219,77.0
219,78.0
219,79.0
219,80.0
219,81.0
218,82.0
218,83.0
218,84.0
218,85.0
217,86.0
217,87.0
217,88.0
216,89.0
215,90.0
214,91.0
212,92.0
210,93.0
210,94.0
210,95.0
210,96.0
210,97.0
209,98.0
208,99.0
208,100.0
208,101.0
208,102.0
208,103.0
208,104.0
207,105.0
207,106.0
207,107.0
207,108.0
207,109.0
207,110.0
206,111.0
206,112.0
205,113.0
203,114.0
203,115.0
203,116.0
203,117.0
202,118.0
202,119.0
202,120.0
202,121.0
202,122.0
202,123.0
202,124.0
201,125.0
201,126.0
201,127.0
201,128.0
201,129.0
201,130.0
201,131.0
201,132.0
201,133.0
201,134.0
201,135.0
201,136.0
201,137.0
200,138.0
199,139.0
199,140.0
198,141.0
198,142.0
198,143.0
198,144.0
197,145.0
197,146.0
195,147.0
195,148.0
195,149.0
195,150.0
195,151.0
195,152.0
194,153.0
194,154.0
194,155.0
194,156.0
194,157.0
194,158.0
194,159.0
194,160.0
194,161.0
194,162.0
194,163.0
194,164.0
194,165.0
194,166.0
193,167.0
193,168.0
193,169.0
193,170.0
193,171.0
193,172.0
193,173.0
193,174.0
193,175.0
193,176.0
193,177.0
193,178.0
193,179.0
193,180.0
193,181.0
193,182.0
193,183.0
193,184.0
192,185.0
192,186.0
192,187.0
191,188.0
191,189.0
190,190.0
190,191.0
190,192.0
189,193.0
189,194.0
189,195.0
188,196.0
188,197.0
188,198.0
188,199.0
186,200.0
186,201.0
186,202.0
186,203.0
186,204.0
186,205.0
186,206.0
185,207.0
185,208.0
185,209.0
185,210.0
185,211.0
184,212.0
184,213.0
184,214.0
183,215.0
183,216.0
183,217.0
183,218.0
183,219.0
183,220.0
183,221.0
182,222.0
182,223.0
182,224.0
182,225.0
182,226.0
182,227.0
182,228.0
182,229.0
182,230.0
181,231.0
181,232.0
181,233.0
181,234.0
181,235.0
181,236.0
181,237.0
181,238.0
180,239.0
179,240.0
179,241.0
179,242.0
179,243.0
178,244.0
178,245.0
178,246.0
178,247.0
178,248.0
178,249.0
177,250.0
177,251.0
177,252.0
177,253.0
176,254.0
176,255.0
176,256.0
176,257.0
176,258.0
176,259.0
175,260.0
174,261.0
174,262.0
173,263.0
172,264.0
172,265.0
171,266.0
171,267.0
171,268.0
171,269.0
170,270.0
170,271.0
170,272.0
170,273.0
170,274.0
170,275.0
169,276.0
169,277.0
169,278.0
169,279.0
169,280.0
169,281.0
168,282.0
168,283.0
168,284.0
168,285.0
168,286.0
168,287.0
168,288.0
168,289.0
168,290.0
168,291.0
168,292.0
166,293.0
165,294.0
165,295.0
165,296.0
165,297.0
165,298.0
165,299.0
165,300.0
165,301.0
165,302.0
165,303.0
165,304.0
165,305.0
164,306.0
164,307.0
164,308.0
164,309.0
164,310.0
163,311.0
162,312.0
162,313.0
161,314.0
161,315.0
161,316.0
160,317.0
160,318.0
160,319.0
160,320.0
160,321.0
159,322.0
159,323.0
159,324.0
159,325.0
159,326.0
156,327.0
156,328.0
156,329.0
156,330.0
156,331.0
156,332.0
155,333.0
155,334.0
155,335.0
155,336.0
155,337.0
154,338.0
153,339.0
153,340.0
153,341.0
153,342.0
153,343.0
153,344.0
153,345.0
152,346.0
152,347.0
152,348.0
152,349.0
152,350.0
152,351.0
151,352.0
150,353.0
150,354.0
150,355.0
149,356.0
149,357.0
149,358.0
149,359.0
149,360.0
149,361.0
148,362.0
148,363.0
148,364.0
148,365.0
148,366.0
148,367.0
148,368.0
148,369.0
147,370.0
146,371.0
146,372.0
146,373.0
146,374.0
145,375.0
145,376.0
145,377.0
145,378.0
143,379.0
143,380.0
143,381.0
143,382.0
143,383.0
143,384.0
143,385.0
143,386.0
143,387.0
143,388.0
143,389.0
143,390.0
143,391.0
143,392.0
142,393.0
142,394.0
142,395.0
142,396.0
141,397.0
141,398.0
140,399.0
140,400.0
139,401.0
139,402.0
138,403.0
138,404.0
137,405.0
137,406.0
137,407.0
137,408.0
137,409.0
136,410.0
136,411.0
136,412.0
136,413.0
136,414.0
136,415.0
136,416.0
136,417.0
136,418.0
135,419.0
134,420.0
134,421.0
134,422.0
133,423.0
133,424.0
133,425.0
133,426.0
133,427.0
133,428.0
133,429.0
133,430.0
